0.0133333 0 2.97416e-13
0.0133333 0 5.85543e-14
0.0133333 0 3.51705e-10
0.0133333 0 6.82859e-17
0.0133333 0 2.6783e-17
0.0133333 0 2.33311e-18
0.0266667 0 4.85525e-14
0.0266667 0 1.83983e-14
0.0266667 0 5.93098e-11
0.0266667 0 2.81113e-17
0.0266667 0 4.08594e-17
0.0266667 0 2.31407e-18
0.0266667 0.0133333 4.44308e-14
0.0266667 0.0133333 1.70051e-14
0.0266667 0.0133333 2.75662e-11
0.0266667 0.0133333 3.1908e-17
0.0266667 0.0133333 3.39055e-17
0.0266667 0.0133333 2.52418e-18
0.04 0 2.65448e-14
0.04 0 7.06639e-15
0.04 0 2.1512e-11
0.04 0 4.22298e-17
0.04 0 1.1308e-16
0.04 0 3.01768e-18
0.04 0.0133333 1.56348e-14
0.04 0.0133333 6.56906e-15
0.04 0.0133333 1.10758e-11
0.04 0.0133333 4.14898e-17
0.04 0.0133333 5.86158e-17
0.04 0.0133333 2.2694e-18
0.0533333 0 1.17956e-14
0.0533333 0 2.18797e-15
0.0533333 0 7.05413e-12
0.0533333 0 6.29373e-17
0.0533333 0 1.01733e-16
0.0533333 0 1.92202e-18
0.0533333 0.0133333 8.8765e-15
0.0533333 0.0133333 1.82648e-15
0.0533333 0.0133333 4.97294e-12
0.0533333 0.0133333 5.53513e-17
0.0533333 0.0133333 5.68752e-17
0.0533333 0.0133333 1.80169e-18
0.0533333 0.0266667 7.38959e-15
0.0533333 0.0266667 1.21913e-15
0.0533333 0.0266667 2.94839e-12
0.0533333 0.0266667 4.45247e-17
0.0533333 0.0266667 6.28521e-17
0.0533333 0.0266667 1.77803e-18
0.0666667 0 6.83157e-15
0.0666667 0 8.56355e-16
0.0666667 0 2.88687e-12
0.0666667 0 8.14904e-17
0.0666667 0 7.43879e-17
0.0666667 0 1.8849e-18
0.0666667 0.0133333 4.42604e-15
0.0666667 0.0133333 6.81392e-16
0.0666667 0.0133333 2.10284e-12
0.0666667 0.0133333 6.45731e-17
0.0666667 0.0133333 5.62985e-17
0.0666667 0.0133333 2.08972e-18
0.0666667 0.0266667 4.23148e-15
0.0666667 0.0266667 7.05407e-16
0.0666667 0.0266667 1.19085e-12
0.0666667 0.0266667 5.93428e-17
0.0666667 0.0266667 7.39473e-17
0.0666667 0.0266667 2.20097e-18
0.08 0 2.51888e-15
0.08 0 6.73637e-16
0.08 0 1.25066e-12
0.08 0 1.1718e-16
0.08 0 6.65386e-17
0.08 0 2.16235e-18
0.08 0.0133333 1.92035e-15
0.08 0.0133333 6.77406e-16
0.08 0.0133333 9.76829e-13
0.08 0.0133333 7.70102e-17
0.08 0.0133333 3.28947e-17
0.08 0.0133333 2.14199e-18
0.08 0.0266667 1.95242e-15
0.08 0.0266667 7.13291e-16
0.08 0.0266667 5.63092e-13
0.08 0.0266667 5.93091e-17
0.08 0.0266667 1.72898e-17
0.08 0.0266667 2.49003e-18
0.08 0.04 1.74163e-15
0.08 0.04 7.0201e-16
0.08 0.04 4.91452e-13
0.08 0.04 5.95312e-17
0.08 0.04 1.51226e-17
0.08 0.04 2.97366e-18
0.0933333 0 1.71145e-15
0.0933333 0 5.30387e-16
0.0933333 0 5.94773e-13
0.0933333 0 7.39236e-17
0.0933333 0 1.18265e-17
0.0933333 0 2.36671e-18
0.0933333 0.0133333 1.17046e-15
0.0933333 0.0133333 5.41832e-16
0.0933333 0.0133333 4.98523e-13
0.0933333 0.0133333 6.69358e-17
0.0933333 0.0133333 1.29131e-17
0.0933333 0.0133333 2.40781e-18
0.0933333 0.0266667 1.16731e-15
0.0933333 0.0266667 5.28992e-16
0.0933333 0.0266667 3.1489e-13
0.0933333 0.0266667 4.69046e-17
0.0933333 0.0266667 1.47733e-17
0.0933333 0.0266667 2.56597e-18
0.0933333 0.04 1.23455e-15
0.0933333 0.04 4.69892e-16
0.0933333 0.04 2.60768e-13
0.0933333 0.04 3.44754e-17
0.0933333 0.04 1.63588e-17
0.0933333 0.04 2.87345e-18
0.0933333 0.0533333 8.12411e-16
0.0933333 0.0533333 3.84597e-16
0.0933333 0.0533333 2.03962e-13
0.0933333 0.0533333 2.94063e-17
0.0933333 0.0533333 1.56767e-17
0.0933333 0.0533333 3.30823e-18
0.106667 0 1.03566e-15
0.106667 0 4.40215e-16
0.106667 0 3.02597e-13
0.106667 0 6.28326e-17
0.106667 0 1.37886e-17
0.106667 0 2.82308e-18
0.106667 0.0133333 7.10811e-16
0.106667 0.0133333 3.89179e-16
0.106667 0.0133333 2.6739e-13
0.106667 0.0133333 3.9211e-17
0.106667 0.0133333 1.31432e-17
0.106667 0.0133333 2.81074e-18
0.106667 0.0266667 6.95168e-16
0.106667 0.0266667 3.64195e-16
0.106667 0.0266667 1.79895e-13
0.106667 0.0266667 3.11642e-17
0.106667 0.0266667 1.42663e-17
0.106667 0.0266667 2.92711e-18
0.106667 0.04 7.18529e-16
0.106667 0.04 3.06222e-16
0.106667 0.04 1.42895e-13
0.106667 0.04 2.7856e-17
0.106667 0.04 1.53744e-17
0.106667 0.04 3.08776e-18
0.106667 0.0533333 7.05279e-16
0.106667 0.0533333 2.51746e-16
0.106667 0.0533333 1.19992e-13
0.106667 0.0533333 2.3164e-17
0.106667 0.0533333 1.6364e-17
0.106667 0.0533333 2.98944e-18
0.12 0 7.32128e-16
0.12 0 2.37296e-16
0.12 0 1.65819e-13
0.12 0 2.70351e-17
0.12 0 1.59388e-17
0.12 0 3.27021e-18
0.12 0.0133333 5.65587e-16
0.12 0.0133333 2.29864e-16
0.12 0.0133333 1.46797e-13
0.12 0.0133333 2.62296e-17
0.12 0.0133333 1.63083e-17
0.12 0.0133333 3.21746e-18
0.12 0.0266667 5.49455e-16
0.12 0.0266667 2.34851e-16
0.12 0.0266667 1.07355e-13
0.12 0.0266667 2.33672e-17
0.12 0.0266667 1.71203e-17
0.12 0.0266667 3.19645e-18
0.12 0.04 5.91546e-16
0.12 0.04 2.25954e-16
0.12 0.04 8.00693e-14
0.12 0.04 1.60774e-17
0.12 0.04 1.61092e-17
0.12 0.04 2.95153e-18
0.12 0.0533333 5.90296e-16
0.12 0.0533333 2.24644e-16
0.12 0.0533333 7.3998e-14
0.12 0.0533333 1.39356e-17
0.12 0.0533333 2.0179e-17
0.12 0.0533333 2.70231e-18
0.12 0.0666667 4.77841e-16
0.12 0.0666667 2.8624e-16
0.12 0.0666667 5.33852e-14
0.12 0.0666667 1.30266e-17
0.12 0.0666667 2.00066e-17
0.12 0.0666667 2.25126e-18
0.133333 0 4.84395e-16
0.133333 0 2.06359e-16
0.133333 0 9.11386e-14
0.133333 0 1.52409e-17
0.133333 0 2.20588e-17
0.133333 0 3.21207e-18
0.133333 0.0133333 4.29996e-16
0.133333 0.0133333 2.01195e-16
0.133333 0.0133333 7.91584e-14
0.133333 0.0133333 1.33585e-17
0.133333 0.0133333 2.13868e-17
0.133333 0.0133333 3.20281e-18
0.133333 0.0266667 4.34609e-16
0.133333 0.0266667 1.96353e-16
0.133333 0.0266667 6.52796e-14
0.133333 0.0266667 1.11628e-17
0.133333 0.0266667 1.87702e-17
0.133333 0.0266667 2.87201e-18
0.133333 0.04 4.55108e-16
0.133333 0.04 1.98155e-16
0.133333 0.04 4.8058e-14
0.133333 0.04 1.47417e-17
0.133333 0.04 2.4699e-17
0.133333 0.04 2.55964e-18
0.133333 0.0533333 4.86925e-16
0.133333 0.0533333 2.0162e-16
0.133333 0.0533333 4.32604e-14
0.133333 0.0533333 1.60173e-17
0.133333 0.0533333 2.78682e-17
0.133333 0.0533333 2.27117e-18
0.133333 0.0666667 4.21896e-16
0.133333 0.0666667 1.8519e-16
0.133333 0.0666667 3.5244e-14
0.133333 0.0666667 1.47078e-17
0.133333 0.0666667 2.92669e-17
0.133333 0.0666667 2.01873e-18
0.146667 0 3.91206e-16
0.146667 0 1.90943e-16
0.146667 0 5.1195e-14
0.146667 0 1.00201e-17
0.146667 0 2.44653e-17
0.146667 0 2.62144e-18
0.146667 0.0133333 3.24687e-16
0.146667 0.0133333 1.90003e-16
0.146667 0.0133333 4.57966e-14
0.146667 0.0133333 1.09287e-17
0.146667 0.0133333 2.12692e-17
0.146667 0.0133333 2.4015e-18
0.146667 0.0266667 3.12526e-16
0.146667 0.0266667 2.02009e-16
0.146667 0.0266667 4.17265e-14
0.146667 0.0266667 1.39585e-17
0.146667 0.0266667 2.47239e-17
0.146667 0.0266667 2.11612e-18
0.146667 0.04 3.45109e-16
0.146667 0.04 1.93112e-16
0.146667 0.04 3.05069e-14
0.146667 0.04 1.24917e-17
0.146667 0.04 3.01885e-17
0.146667 0.04 1.7899e-18
0.146667 0.0533333 3.76784e-16
0.146667 0.0533333 1.69716e-16
0.146667 0.0533333 2.77612e-14
0.146667 0.0533333 1.12218e-17
0.146667 0.0533333 3.08047e-17
0.146667 0.0533333 1.71152e-18
0.146667 0.0666667 3.63492e-16
0.146667 0.0666667 1.32952e-16
0.146667 0.0666667 2.29355e-14
0.146667 0.0666667 1.19208e-17
0.146667 0.0666667 3.04942e-17
0.146667 0.0666667 1.69869e-18
0.146667 0.08 3.56783e-16
0.146667 0.08 1.17316e-16
0.146667 0.08 1.76635e-14
0.146667 0.08 1.24391e-17
0.146667 0.08 3.06606e-17
0.146667 0.08 1.64219e-18
0.16 0 3.19989e-16
0.16 0 2.17996e-16
0.16 0 2.92678e-14
0.16 0 7.28383e-18
0.16 0 2.34507e-17
0.16 0 1.38431e-18
0.16 0.0133333 2.75521e-16
0.16 0.0133333 1.90156e-16
0.16 0.0133333 2.56994e-14
0.16 0.0133333 7.17142e-18
0.16 0.0133333 2.77474e-17
0.16 0.0133333 1.53382e-18
0.16 0.0266667 2.60125e-16
0.16 0.0266667 1.92287e-16
0.16 0.0266667 2.56896e-14
0.16 0.0266667 8.57888e-18
0.16 0.0266667 2.81426e-17
0.16 0.0266667 1.90132e-18
0.16 0.04 2.70966e-16
0.16 0.04 1.79211e-16
0.16 0.04 2.04731e-14
0.16 0.04 9.0455e-18
0.16 0.04 3.00488e-17
0.16 0.04 1.94744e-18
0.16 0.0533333 3.11387e-16
0.16 0.0533333 1.40557e-16
0.16 0.0533333 1.91739e-14
0.16 0.0533333 9.99566e-18
0.16 0.0533333 3.33876e-17
0.16 0.0533333 1.87298e-18
0.16 0.0666667 3.20528e-16
0.16 0.0666667 1.20125e-16
0.16 0.0666667 1.57824e-14
0.16 0.0666667 1.17626e-17
0.16 0.0666667 3.04748e-17
0.16 0.0666667 1.62352e-18
0.16 0.08 3.38862e-16
0.16 0.08 1.2895e-16
0.16 0.08 1.31646e-14
0.16 0.08 1.07981e-17
0.16 0.08 2.92168e-17
0.16 0.08 1.88052e-18
0.173333 0 2.91878e-16
0.173333 0 1.6658e-16
0.173333 0 1.69219e-14
0.173333 0 1.12117e-17
0.173333 0 3.02327e-17
0.173333 0 1.84194e-18
0.173333 0.0133333 2.57987e-16
0.173333 0.0133333 1.7069e-16
0.173333 0.0133333 1.65305e-14
0.173333 0.0133333 1.04899e-17
0.173333 0.0133333 2.90583e-17
0.173333 0.0133333 1.822e-18
0.173333 0.0266667 2.50642e-16
0.173333 0.0266667 1.65051e-16
0.173333 0.0266667 1.53394e-14
0.173333 0.0266667 8.5222e-18
0.173333 0.0266667 2.84759e-17
0.173333 0.0266667 1.7411e-18
0.173333 0.04 2.49586e-16
0.173333 0.04 1.37643e-16
0.173333 0.04 1.432e-14
0.173333 0.04 1.01939e-17
0.173333 0.04 3.28902e-17
0.173333 0.04 1.52061e-18
0.173333 0.0533333 2.47829e-16
0.173333 0.0533333 1.34081e-16
0.173333 0.0533333 1.31177e-14
0.173333 0.0533333 1.17401e-17
0.173333 0.0533333 3.19004e-17
0.173333 0.0533333 1.48772e-18
0.173333 0.0666667 2.95968e-16
0.173333 0.0666667 1.345e-16
0.173333 0.0666667 1.06224e-14
0.173333 0.0666667 1.16441e-17
0.173333 0.0666667 2.92756e-17
0.173333 0.0666667 1.62577e-18
0.173333 0.08 3.14958e-16
0.173333 0.08 1.55502e-16
0.173333 0.08 1.0202e-14
0.173333 0.08 1.29666e-17
0.173333 0.08 2.70441e-17
0.173333 0.08 1.72322e-18
0.173333 0.0933333 2.98431e-16
0.173333 0.0933333 1.62726e-16
0.173333 0.0933333 8.73643e-15
0.173333 0.0933333 1.46829e-17
0.173333 0.0933333 2.17071e-17
0.173333 0.0933333 1.92819e-18
0.186667 0 2.77689e-16
0.186667 0 1.59314e-16
0.186667 0 9.79264e-15
0.186667 0 1.22165e-17
0.186667 0 3.28613e-17
0.186667 0 1.774e-18
0.186667 0.0133333 2.3631e-16
0.186667 0.0133333 1.52634e-16
0.186667 0.0133333 1.01617e-14
0.186667 0.0133333 1.19835e-17
0.186667 0.0133333 3.17705e-17
0.186667 0.0133333 1.79287e-18
0.186667 0.0266667 2.23619e-16
0.186667 0.0266667 1.49254e-16
0.186667 0.0266667 9.76032e-15
0.186667 0.0266667 1.1888e-17
0.186667 0.0266667 3.19698e-17
0.186667 0.0266667 1.71751e-18
0.186667 0.04 2.26898e-16
0.186667 0.04 1.3193e-16
0.186667 0.04 9.03327e-15
0.186667 0.04 1.02473e-17
0.186667 0.04 3.20052e-17
0.186667 0.04 1.63325e-18
0.186667 0.0533333 2.31744e-16
0.186667 0.0533333 1.33265e-16
0.186667 0.0533333 9.20093e-15
0.186667 0.0533333 1.19206e-17
0.186667 0.0533333 3.06805e-17
0.186667 0.0533333 1.42009e-18
0.186667 0.0666667 2.52827e-16
0.186667 0.0666667 1.31504e-16
0.186667 0.0666667 8.39898e-15
0.186667 0.0666667 1.26496e-17
0.186667 0.0666667 2.66018e-17
0.186667 0.0666667 1.44059e-18
0.186667 0.08 2.77812e-16
0.186667 0.08 1.27173e-16
0.186667 0.08 7.29411e-15
0.186667 0.08 1.41056e-17
0.186667 0.08 2.09484e-17
0.186667 0.08 2.05204e-18
0.186667 0.0933333 2.73938e-16
0.186667 0.0933333 1.23542e-16
0.186667 0.0933333 6.17518e-15
0.186667 0.0933333 1.698e-17
0.186667 0.0933333 2.39775e-17
0.186667 0.0933333 2.09011e-18
0.186667 0.106667 2.39611e-16
0.186667 0.106667 9.67824e-17
0.186667 0.106667 4.99096e-15
0.186667 0.106667 1.96756e-17
0.186667 0.106667 2.79556e-17
0.186667 0.106667 2.025e-18
0.2 0 2.48044e-16
0.2 0 1.85492e-16
0.2 0 6.13161e-15
0.2 0 1.29552e-17
0.2 0 3.25421e-17
0.2 0 1.73699e-18
0.2 0.0133333 2.21972e-16
0.2 0.0133333 1.67144e-16
0.2 0.0133333 6.14026e-15
0.2 0.0133333 1.30391e-17
0.2 0.0133333 3.44671e-17
0.2 0.0133333 1.74035e-18
0.2 0.0266667 2.20706e-16
0.2 0.0266667 1.32963e-16
0.2 0.0266667 6.60936e-15
0.2 0.0266667 1.32312e-17
0.2 0.0266667 3.36815e-17
0.2 0.0266667 1.70122e-18
0.2 0.04 2.21616e-16
0.2 0.04 1.24267e-16
0.2 0.04 7.02605e-15
0.2 0.04 1.38034e-17
0.2 0.04 3.23937e-17
0.2 0.04 1.58792e-18
0.2 0.0533333 2.29532e-16
0.2 0.0533333 1.205e-16
0.2 0.0533333 6.62912e-15
0.2 0.0533333 1.12791e-17
0.2 0.0533333 2.85034e-17
0.2 0.0533333 1.54178e-18
0.2 0.0666667 2.30705e-16
0.2 0.0666667 1.15493e-16
0.2 0.0666667 5.73237e-15
0.2 0.0666667 1.38069e-17
0.2 0.0666667 2.14212e-17
0.2 0.0666667 2.0548e-18
0.2 0.08 2.43875e-16
0.2 0.08 1.13257e-16
0.2 0.08 5.0929e-15
0.2 0.08 1.66176e-17
0.2 0.08 2.56346e-17
0.2 0.08 1.90394e-18
0.2 0.0933333 2.41563e-16
0.2 0.0933333 9.21472e-17
0.2 0.0933333 4.40528e-15
0.2 0.0933333 1.88009e-17
0.2 0.0933333 3.1805e-17
0.2 0.0933333 1.76119e-18
0.2 0.106667 2.17131e-16
0.2 0.106667 8.9534e-17
0.2 0.106667 4.12397e-15
0.2 0.106667 2.03708e-17
0.2 0.106667 3.59331e-17
0.2 0.106667 1.86496e-18
0.213333 0 2.44023e-16
0.213333 0 2.06305e-16
0.213333 0 5.25112e-15
0.213333 0 1.41442e-17
0.213333 0 3.59696e-17
0.213333 0 1.72183e-18
0.213333 0.0133333 2.17002e-16
0.213333 0.0133333 1.93496e-16
0.213333 0.0133333 4.99388e-15
0.213333 0.0133333 1.44684e-17
0.213333 0.0133333 3.46828e-17
0.213333 0.0133333 1.73744e-18
0.213333 0.0266667 2.04407e-16
0.213333 0.0266667 1.56662e-16
0.213333 0.0266667 4.8345e-15
0.213333 0.0266667 1.49348e-17
0.213333 0.0266667 3.44934e-17
0.213333 0.0266667 1.72379e-18
0.213333 0.04 2.04611e-16
0.213333 0.04 1.54358e-16
0.213333 0.04 4.85404e-15
0.213333 0.04 1.47561e-17
0.213333 0.04 3.02212e-17
0.213333 0.04 1.48342e-18
0.213333 0.0533333 2.09604e-16
0.213333 0.0533333 1.49712e-16
0.213333 0.0533333 4.52582e-15
0.213333 0.0533333 1.50896e-17
0.213333 0.0533333 2.24623e-17
0.213333 0.0533333 2.12072e-18
0.213333 0.0666667 2.22474e-16
0.213333 0.0666667 1.3479e-16
0.213333 0.0666667 4.05036e-15
0.213333 0.0666667 1.34866e-17
0.213333 0.0666667 2.79408e-17
0.213333 0.0666667 2.02803e-18
0.213333 0.08 2.11646e-16
0.213333 0.08 1.06809e-16
0.213333 0.08 3.81825e-15
0.213333 0.08 1.74347e-17
0.213333 0.08 3.3043e-17
0.213333 0.08 2.01913e-18
0.213333 0.0933333 2.11291e-16
0.213333 0.0933333 1.01159e-16
0.213333 0.0933333 3.58471e-15
0.213333 0.0933333 1.96871e-17
0.213333 0.0933333 3.738e-17
0.213333 0.0933333 1.89104e-18
0.213333 0.106667 1.99707e-16
0.213333 0.106667 9.70744e-17
0.213333 0.106667 3.22313e-15
0.213333 0.106667 2.0595e-17
0.213333 0.106667 3.85286e-17
0.213333 0.106667 1.69916e-18
0.213333 0.12 1.79715e-16
0.213333 0.12 8.2001e-17
0.213333 0.12 3.03963e-15
0.213333 0.12 2.19984e-17
0.213333 0.12 3.93999e-17
0.213333 0.12 1.81237e-18
0.226667 0 2.21953e-16
0.226667 0 1.94538e-16
0.226667 0 3.82061e-15
0.226667 0 1.53653e-17
0.226667 0 3.77053e-17
0.226667 0 1.82473e-18
0.226667 0.0133333 2.00181e-16
0.226667 0.0133333 1.67281e-16
0.226667 0.0133333 3.64234e-15
0.226667 0.0133333 1.55528e-17
0.226667 0.0133333 3.54146e-17
0.226667 0.0133333 1.80684e-18
0.226667 0.0266667 1.88667e-16
0.226667 0.0266667 1.47822e-16
0.226667 0.0266667 3.58754e-15
0.226667 0.0266667 1.60748e-17
0.226667 0.0266667 3.10727e-17
0.226667 0.0266667 1.73806e-18
0.226667 0.04 1.87093e-16
0.226667 0.04 1.3632e-16
0.226667 0.04 3.50761e-15
0.226667 0.04 1.61241e-17
0.226667 0.04 2.37973e-17
0.226667 0.04 1.74798e-18
0.226667 0.0533333 1.9099e-16
0.226667 0.0533333 1.20807e-16
0.226667 0.0533333 3.44567e-15
0.226667 0.0533333 1.70732e-17
0.226667 0.0533333 3.07137e-17
0.226667 0.0533333 2.08041e-18
0.226667 0.0666667 1.92302e-16
0.226667 0.0666667 9.74496e-17
0.226667 0.0666667 3.26577e-15
0.226667 0.0666667 1.8229e-17
0.226667 0.0666667 3.54022e-17
0.226667 0.0666667 2.05781e-18
0.226667 0.08 1.97145e-16
0.226667 0.08 8.94754e-17
0.226667 0.08 3.20696e-15
0.226667 0.08 1.57428e-17
0.226667 0.08 3.88542e-17
0.226667 0.08 2.01596e-18
0.226667 0.0933333 1.90426e-16
0.226667 0.0933333 8.66167e-17
0.226667 0.0933333 2.92205e-15
0.226667 0.0933333 1.93352e-17
0.226667 0.0933333 4.04926e-17
0.226667 0.0933333 2.01303e-18
0.226667 0.106667 1.99591e-16
0.226667 0.106667 7.21472e-17
0.226667 0.106667 2.80187e-15
0.226667 0.106667 2.06011e-17
0.226667 0.106667 4.15071e-17
0.226667 0.106667 1.9464e-18
0.226667 0.12 1.93003e-16
0.226667 0.12 5.2909e-17
0.226667 0.12 2.90236e-15
0.226667 0.12 2.10245e-17
0.226667 0.12 4.25715e-17
0.226667 0.12 1.73515e-18
0.24 0 2.02523e-16
0.24 0 1.66432e-16
0.24 0 2.8247e-15
0.24 0 1.71376e-17
0.24 0 3.78043e-17
0.24 0 1.89627e-18
0.24 0.0133333 1.9394e-16
0.24 0.0133333 1.47513e-16
0.24 0.0133333 2.79505e-15
0.24 0.0133333 1.69655e-17
0.24 0.0133333 3.6743e-17
0.24 0.0133333 1.87286e-18
0.24 0.0266667 1.83084e-16
0.24 0.0266667 1.30168e-16
0.24 0.0266667 2.81181e-15
0.24 0.0266667 1.68473e-17
0.24 0.0266667 2.70173e-17
0.24 0.0266667 1.89865e-18
0.24 0.04 1.72607e-16
0.24 0.04 1.21496e-16
0.24 0.04 2.70088e-15
0.24 0.04 1.70938e-17
0.24 0.04 2.98795e-17
0.24 0.04 2.00962e-18
0.24 0.0533333 1.69234e-16
0.24 0.0533333 1.05679e-16
0.24 0.0533333 2.72077e-15
0.24 0.0533333 1.95526e-17
0.24 0.0533333 3.93984e-17
0.24 0.0533333 2.06802e-18
0.24 0.0666667 1.81634e-16
0.24 0.0666667 9.18767e-17
0.24 0.0666667 2.77692e-15
0.24 0.0666667 2.0334e-17
0.24 0.0666667 4.05128e-17
0.24 0.0666667 2.06935e-18
0.24 0.08 1.91142e-16
0.24 0.08 7.86682e-17
0.24 0.08 2.58039e-15
0.24 0.08 1.96435e-17
0.24 0.08 4.16629e-17
0.24 0.08 2.05615e-18
0.24 0.0933333 2.03571e-16
0.24 0.0933333 5.75904e-17
0.24 0.0933333 2.51144e-15
0.24 0.0933333 1.57503e-17
0.24 0.0933333 4.31911e-17
0.24 0.0933333 2.0499e-18
0.24 0.106667 1.82344e-16
0.24 0.106667 3.5691e-17
0.24 0.106667 2.48945e-15
0.24 0.106667 1.87843e-17
0.24 0.106667 4.39601e-17
0.24 0.106667 2.0313e-18
0.24 0.12 1.95078e-16
0.24 0.12 4.84717e-17
0.24 0.12 2.30383e-15
0.24 0.12 1.98111e-17
0.24 0.12 4.64737e-17
0.24 0.12 1.91328e-18
0.24 0.133333 1.85676e-16
0.24 0.133333 4.95201e-17
0.24 0.133333 1.95581e-15
0.24 0.133333 2.08904e-17
0.24 0.133333 4.75148e-17
0.24 0.133333 1.75982e-18
0.253333 0 2.01091e-16
0.253333 0 1.38048e-16
0.253333 0 2.45689e-15
0.253333 0 1.70645e-17
0.253333 0 3.63299e-17
0.253333 0 2.00049e-18
0.253333 0.0133333 1.92021e-16
0.253333 0.0133333 1.33025e-16
0.253333 0.0133333 2.44134e-15
0.253333 0.0133333 1.68363e-17
0.253333 0.0133333 3.30377e-17
0.253333 0.0133333 2.01824e-18
0.253333 0.0266667 1.65356e-16
0.253333 0.0266667 1.11865e-16
0.253333 0.0266667 2.37514e-15
0.253333 0.0266667 1.70979e-17
0.253333 0.0266667 2.65961e-17
0.253333 0.0266667 2.02103e-18
0.253333 0.04 1.44494e-16
0.253333 0.04 9.46341e-17
0.253333 0.04 2.35361e-15
0.253333 0.04 1.7396e-17
0.253333 0.04 3.92191e-17
0.253333 0.04 2.10318e-18
0.253333 0.0533333 1.42649e-16
0.253333 0.0533333 7.57964e-17
0.253333 0.0533333 2.19621e-15
0.253333 0.0533333 1.84945e-17
0.253333 0.0533333 4.39276e-17
0.253333 0.0533333 2.17738e-18
0.253333 0.0666667 1.54797e-16
0.253333 0.0666667 5.88766e-17
0.253333 0.0666667 2.1801e-15
0.253333 0.0666667 1.8646e-17
0.253333 0.0666667 4.39408e-17
0.253333 0.0666667 2.1947e-18
0.253333 0.08 1.67282e-16
0.253333 0.08 3.38062e-17
0.253333 0.08 2.20679e-15
0.253333 0.08 1.88725e-17
0.253333 0.08 4.45494e-17
0.253333 0.08 2.17086e-18
0.253333 0.0933333 1.83501e-16
0.253333 0.0933333 4.57201e-17
0.253333 0.0933333 2.09445e-15
0.253333 0.0933333 1.81992e-17
0.253333 0.0933333 4.55463e-17
0.253333 0.0933333 2.18933e-18
0.253333 0.106667 1.92188e-16
0.253333 0.106667 4.72159e-17
0.253333 0.106667 1.87017e-15
0.253333 0.106667 1.68658e-17
0.253333 0.106667 4.60047e-17
0.253333 0.106667 2.11933e-18
0.253333 0.12 1.83412e-16
0.253333 0.12 4.50792e-17
0.253333 0.12 1.65758e-15
0.253333 0.12 1.9633e-17
0.253333 0.12 4.78994e-17
0.253333 0.12 2.07222e-18
0.253333 0.133333 1.69033e-16
0.253333 0.133333 4.15939e-17
0.253333 0.133333 1.38067e-15
0.253333 0.133333 2.11817e-17
0.253333 0.133333 4.94217e-17
0.253333 0.133333 1.93821e-18
0.266667 0 2.01696e-16
0.266667 0 1.12604e-16
0.266667 0 2.01229e-15
0.266667 0 1.7556e-17
0.266667 0 3.20438e-17
0.266667 0 2.13449e-18
0.266667 0.0133333 1.69922e-16
0.266667 0.0133333 9.35448e-17
0.266667 0.0133333 1.97853e-15
0.266667 0.0133333 1.78372e-17
0.266667 0.0133333 2.5529e-17
0.266667 0.0133333 2.10907e-18
0.266667 0.0266667 1.38791e-16
0.266667 0.0266667 6.94184e-17
0.266667 0.0266667 2.00724e-15
0.266667 0.0266667 1.80435e-17
0.266667 0.0266667 3.79769e-17
0.266667 0.0266667 2.08813e-18
0.266667 0.04 1.38548e-16
0.266667 0.04 5.72579e-17
0.266667 0.04 1.84386e-15
0.266667 0.04 1.81139e-17
0.266667 0.04 4.41317e-17
0.266667 0.04 2.21092e-18
0.266667 0.0533333 1.39792e-16
0.266667 0.0533333 3.34089e-17
0.266667 0.0533333 1.80973e-15
0.266667 0.0533333 1.82702e-17
0.266667 0.0533333 4.52442e-17
0.266667 0.0533333 2.25759e-18
0.266667 0.0666667 1.41588e-16
0.266667 0.0666667 4.75031e-17
0.266667 0.0666667 1.71321e-15
0.266667 0.0666667 1.84434e-17
0.266667 0.0666667 4.86041e-17
0.266667 0.0666667 2.24519e-18
0.266667 0.08 1.60644e-16
0.266667 0.08 4.59799e-17
0.266667 0.08 1.59169e-15
0.266667 0.08 1.88297e-17
0.266667 0.08 4.67716e-17
0.266667 0.08 2.23136e-18
0.266667 0.0933333 1.74269e-16
0.266667 0.0933333 4.51418e-17
0.266667 0.0933333 1.47556e-15
0.266667 0.0933333 1.84778e-17
0.266667 0.0933333 4.72578e-17
0.266667 0.0933333 2.25808e-18
0.266667 0.106667 1.78972e-16
0.266667 0.106667 4.19498e-17
0.266667 0.106667 1.34475e-15
0.266667 0.106667 1.66275e-17
0.266667 0.106667 4.82198e-17
0.266667 0.106667 2.279e-18
0.266667 0.12 1.90734e-16
0.266667 0.12 3.42001e-17
0.266667 0.12 1.19417e-15
0.266667 0.12 1.85698e-17
0.266667 0.12 4.96042e-17
0.266667 0.12 2.21009e-18
0.266667 0.133333 1.76472e-16
0.266667 0.133333 2.5172e-17
0.266667 0.133333 1.02953e-15
0.266667 0.133333 2.08027e-17
0.266667 0.133333 5.07814e-17
0.266667 0.133333 2.06711e-18
0.266667 0.146667 1.52619e-16
0.266667 0.146667 2.15705e-17
0.266667 0.146667 8.47443e-16
0.266667 0.146667 2.15579e-17
0.266667 0.146667 5.22198e-17
0.266667 0.146667 1.85172e-18
0.28 0 1.81021e-16
0.28 0 4.05947e-17
0.28 0 1.61948e-15
0.28 0 1.8833e-17
0.28 0 2.51851e-17
0.28 0 2.19333e-18
0.28 0.0133333 1.46314e-16
0.28 0.0133333 2.72352e-17
0.28 0.0133333 1.58365e-15
0.28 0.0133333 1.94882e-17
0.28 0.0133333 3.19789e-17
0.28 0.0133333 2.22857e-18
0.28 0.0266667 1.32665e-16
0.28 0.0266667 4.22103e-17
0.28 0.0266667 1.56985e-15
0.28 0.0266667 1.93286e-17
0.28 0.0266667 4.1894e-17
0.28 0.0266667 2.19419e-18
0.28 0.04 1.21638e-16
0.28 0.04 4.35302e-17
0.28 0.04 1.52871e-15
0.28 0.04 1.90223e-17
0.28 0.04 4.50909e-17
0.28 0.04 2.24686e-18
0.28 0.0533333 1.21665e-16
0.28 0.0533333 4.21062e-17
0.28 0.0533333 1.4765e-15
0.28 0.0533333 1.8636e-17
0.28 0.0533333 4.67567e-17
0.28 0.0533333 2.32701e-18
0.28 0.0666667 1.35132e-16
0.28 0.0666667 3.83347e-17
0.28 0.0666667 1.2619e-15
0.28 0.0666667 1.90998e-17
0.28 0.0666667 4.86521e-17
0.28 0.0666667 2.30324e-18
0.28 0.08 1.44046e-16
0.28 0.08 3.46888e-17
0.28 0.08 1.09416e-15
0.28 0.08 1.9286e-17
0.28 0.08 4.97618e-17
0.28 0.08 2.23696e-18
0.28 0.0933333 1.62006e-16
0.28 0.0933333 2.91764e-17
0.28 0.0933333 9.78113e-16
0.28 0.0933333 1.90549e-17
0.28 0.0933333 4.93011e-17
0.28 0.0933333 2.13289e-18
0.28 0.106667 1.69881e-16
0.28 0.106667 2.21393e-17
0.28 0.106667 8.67297e-16
0.28 0.106667 1.89164e-17
0.28 0.106667 4.83926e-17
0.28 0.106667 2.02492e-18
0.28 0.12 1.80281e-16
0.28 0.12 1.71914e-17
0.28 0.12 7.81505e-16
0.28 0.12 1.66378e-17
0.28 0.12 5.1039e-17
0.28 0.12 1.97048e-18
0.28 0.133333 1.75474e-16
0.28 0.133333 1.64831e-17
0.28 0.133333 7.71926e-16
0.28 0.133333 1.88716e-17
0.28 0.133333 5.16278e-17
0.28 0.133333 1.85776e-18
0.28 0.146667 1.6111e-16
0.28 0.146667 1.42929e-17
0.28 0.146667 8.34639e-16
0.28 0.146667 2.04059e-17
0.28 0.146667 5.14506e-17
0.28 0.146667 1.78264e-18
0.28 0.16 1.40193e-16
0.28 0.16 1.3088e-17
0.28 0.16 7.40532e-16
0.28 0.16 2.11285e-17
0.28 0.16 5.2312e-17
0.28 0.16 1.52359e-18
0.293333 0 1.49946e-16
0.293333 0 3.5527e-17
0.293333 0 1.42467e-15
0.293333 0 2.09417e-17
0.293333 0 2.13426e-17
0.293333 0 2.3325e-18
0.293333 0.0133333 1.25322e-16
0.293333 0.0133333 3.50225e-17
0.293333 0.0133333 1.36766e-15
0.293333 0.0133333 2.10395e-17
0.293333 0.0133333 3.41619e-17
0.293333 0.0133333 2.34475e-18
0.293333 0.0266667 1.14555e-16
0.293333 0.0266667 3.45946e-17
0.293333 0.0266667 1.29244e-15
0.293333 0.0266667 2.04268e-17
0.293333 0.0266667 4.13526e-17
0.293333 0.0266667 2.36001e-18
0.293333 0.04 1.18241e-16
0.293333 0.04 3.29466e-17
0.293333 0.04 1.28301e-15
0.293333 0.04 1.97561e-17
0.293333 0.04 4.55832e-17
0.293333 0.04 2.38922e-18
0.293333 0.0533333 1.29831e-16
0.293333 0.0533333 3.01638e-17
0.293333 0.0533333 1.23896e-15
0.293333 0.0533333 1.97077e-17
0.293333 0.0533333 4.80397e-17
0.293333 0.0533333 2.50054e-18
0.293333 0.0666667 1.15162e-16
0.293333 0.0666667 2.84145e-17
0.293333 0.0666667 1.13488e-15
0.293333 0.0666667 2.0124e-17
0.293333 0.0666667 4.98115e-17
0.293333 0.0666667 2.50086e-18
0.293333 0.08 1.34153e-16
0.293333 0.08 2.26681e-17
0.293333 0.08 1.03212e-15
0.293333 0.08 1.98411e-17
0.293333 0.08 5.18376e-17
0.293333 0.08 2.52963e-18
0.293333 0.0933333 1.4142e-16
0.293333 0.0933333 1.96908e-17
0.293333 0.0933333 9.39677e-16
0.293333 0.0933333 1.98583e-17
0.293333 0.0933333 5.22329e-17
0.293333 0.0933333 2.49064e-18
0.293333 0.106667 1.5975e-16
0.293333 0.106667 1.77101e-17
0.293333 0.106667 8.66416e-16
0.293333 0.106667 1.92774e-17
0.293333 0.106667 4.9616e-17
0.293333 0.106667 2.43649e-18
0.293333 0.12 1.66544e-16
0.293333 0.12 1.6562e-17
0.293333 0.12 7.98423e-16
0.293333 0.12 1.85055e-17
0.293333 0.12 5.04885e-17
0.293333 0.12 2.39466e-18
0.293333 0.133333 1.71178e-16
0.293333 0.133333 1.4226e-17
0.293333 0.133333 7.69434e-16
0.293333 0.133333 1.81851e-17
0.293333 0.133333 5.16694e-17
0.293333 0.133333 2.24777e-18
0.293333 0.146667 1.5874e-16
0.293333 0.146667 1.24433e-17
0.293333 0.146667 7.30548e-16
0.293333 0.146667 1.96501e-17
0.293333 0.146667 5.21112e-17
0.293333 0.146667 2.04763e-18
0.293333 0.16 1.33155e-16
0.293333 0.16 1.19899e-17
0.293333 0.16 7.09295e-16
0.293333 0.16 2.04382e-17
0.293333 0.16 5.22591e-17
0.293333 0.16 1.81802e-18
0.306667 0 1.28647e-16
0.306667 0 2.83364e-17
0.306667 0 1.21743e-15
0.306667 0 2.35632e-17
0.306667 0 3.14924e-17
0.306667 0 2.46168e-18
0.306667 0.0133333 1.18975e-16
0.306667 0.0133333 2.70464e-17
0.306667 0.0133333 1.16642e-15
0.306667 0.0133333 2.25836e-17
0.306667 0.0133333 2.73959e-17
0.306667 0.0133333 2.45711e-18
0.306667 0.0266667 1.09745e-16
0.306667 0.0266667 2.61469e-17
0.306667 0.0266667 1.13298e-15
0.306667 0.0266667 2.14801e-17
0.306667 0.0266667 3.86102e-17
0.306667 0.0266667 2.45373e-18
0.306667 0.04 1.12835e-16
0.306667 0.04 2.40105e-17
0.306667 0.04 1.10956e-15
0.306667 0.04 2.04958e-17
0.306667 0.04 4.43868e-17
0.306667 0.04 2.49877e-18
0.306667 0.0533333 1.17824e-16
0.306667 0.0533333 2.18096e-17
0.306667 0.0533333 1.08233e-15
0.306667 0.0533333 2.03444e-17
0.306667 0.0533333 4.83769e-17
0.306667 0.0533333 2.5786e-18
0.306667 0.0666667 1.16122e-16
0.306667 0.0666667 2.03172e-17
0.306667 0.0666667 9.91485e-16
0.306667 0.0666667 2.02522e-17
0.306667 0.0666667 4.94081e-17
0.306667 0.0666667 2.59856e-18
0.306667 0.08 1.14335e-16
0.306667 0.08 1.85381e-17
0.306667 0.08 9.24816e-16
0.306667 0.08 2.03943e-17
0.306667 0.08 5.09715e-17
0.306667 0.08 2.64916e-18
0.306667 0.0933333 1.27338e-16
0.306667 0.0933333 1.70052e-17
0.306667 0.0933333 8.61394e-16
0.306667 0.0933333 2.00322e-17
0.306667 0.0933333 5.21543e-17
0.306667 0.0933333 2.66186e-18
0.306667 0.106667 1.34601e-16
0.306667 0.106667 1.56842e-17
0.306667 0.106667 8.08018e-16
0.306667 0.106667 2.00059e-17
0.306667 0.106667 5.03793e-17
0.306667 0.106667 2.59369e-18
0.306667 0.12 1.53092e-16
0.306667 0.12 1.37135e-17
0.306667 0.12 7.47679e-16
0.306667 0.12 1.94959e-17
0.306667 0.12 5.12841e-17
0.306667 0.12 2.5968e-18
0.306667 0.133333 1.5511e-16
0.306667 0.133333 1.19315e-17
0.306667 0.133333 7.06962e-16
0.306667 0.133333 1.77579e-17
0.306667 0.133333 5.14522e-17
0.306667 0.133333 2.4104e-18
0.306667 0.146667 1.50605e-16
0.306667 0.146667 1.14192e-17
0.306667 0.146667 7.24366e-16
0.306667 0.146667 1.97375e-17
0.306667 0.146667 5.17139e-17
0.306667 0.146667 2.1224e-18
0.306667 0.16 1.26218e-16
0.306667 0.16 1.14321e-17
0.306667 0.16 7.07071e-16
0.306667 0.16 2.02572e-17
0.306667 0.16 5.09194e-17
0.306667 0.16 2.07549e-18
0.306667 0.173333 1.32696e-16
0.306667 0.173333 1.10941e-17
0.306667 0.173333 7.20101e-16
0.306667 0.173333 2.22879e-17
0.306667 0.173333 5.25543e-17
0.306667 0.173333 1.92126e-18
0.32 0 1.17386e-16
0.32 0 2.57439e-17
0.32 0 1.10066e-15
0.32 0 2.53664e-17
0.32 0 3.79503e-17
0.32 0 2.58361e-18
0.32 0.0133333 1.07476e-16
0.32 0.0133333 2.4559e-17
0.32 0.0133333 1.05636e-15
0.32 0.0133333 2.46767e-17
0.32 0.0133333 3.76372e-17
0.32 0.0133333 2.5767e-18
0.32 0.0266667 9.81927e-17
0.32 0.0266667 2.20788e-17
0.32 0.0266667 1.03576e-15
0.32 0.0266667 2.2916e-17
0.32 0.0266667 3.04969e-17
0.32 0.0266667 2.61176e-18
0.32 0.04 1.00938e-16
0.32 0.04 2.03223e-17
0.32 0.04 1.01084e-15
0.32 0.04 2.14992e-17
0.32 0.04 4.14897e-17
0.32 0.04 2.58584e-18
0.32 0.0533333 9.89662e-17
0.32 0.0533333 1.85081e-17
0.32 0.0533333 9.93064e-16
0.32 0.0533333 2.08339e-17
0.32 0.0533333 4.57822e-17
0.32 0.0533333 2.60985e-18
0.32 0.0666667 1.1002e-16
0.32 0.0666667 1.71996e-17
0.32 0.0666667 9.42755e-16
0.32 0.0666667 2.0938e-17
0.32 0.0666667 4.79012e-17
0.32 0.0666667 2.72184e-18
0.32 0.08 1.08473e-16
0.32 0.08 1.56059e-17
0.32 0.08 8.83621e-16
0.32 0.08 2.12556e-17
0.32 0.08 5.00574e-17
0.32 0.08 2.74363e-18
0.32 0.0933333 1.15463e-16
0.32 0.0933333 1.42688e-17
0.32 0.0933333 8.24022e-16
0.32 0.0933333 2.07855e-17
0.32 0.0933333 5.15489e-17
0.32 0.0933333 2.72777e-18
0.32 0.106667 1.19962e-16
0.32 0.106667 1.26774e-17
0.32 0.106667 7.67135e-16
0.32 0.106667 2.03349e-17
0.32 0.106667 5.1974e-17
0.32 0.106667 2.74114e-18
0.32 0.12 1.27912e-16
0.32 0.12 1.10836e-17
0.32 0.12 7.19965e-16
0.32 0.12 1.97097e-17
0.32 0.12 4.93934e-17
0.32 0.12 2.7022e-18
0.32 0.133333 1.44103e-16
0.32 0.133333 1.07995e-17
0.32 0.133333 6.86004e-16
0.32 0.133333 1.94849e-17
0.32 0.133333 5.02892e-17
0.32 0.133333 2.38699e-18
0.32 0.146667 1.39921e-16
0.32 0.146667 9.63422e-18
0.32 0.146667 6.41546e-16
0.32 0.146667 2.08492e-17
0.32 0.146667 5.34448e-17
0.32 0.146667 2.21995e-18
0.32 0.16 1.23109e-16
0.32 0.16 1.1255e-17
0.32 0.16 6.35359e-16
0.32 0.16 2.28512e-17
0.32 0.16 5.91633e-17
0.32 0.16 2.25054e-18
0.32 0.173333 1.26912e-16
0.32 0.173333 1.0354e-17
0.32 0.173333 5.62512e-16
0.32 0.173333 2.38727e-17
0.32 0.173333 6.22094e-17
0.32 0.173333 2.206e-18
0.333333 0 1.03083e-16
0.333333 0 1.97304e-17
0.333333 0 1.05604e-15
0.333333 0 2.66369e-17
0.333333 0 4.31506e-17
0.333333 0 2.72925e-18
0.333333 0.0133333 9.64576e-17
0.333333 0.0133333 1.87018e-17
0.333333 0.0133333 9.83392e-16
0.333333 0.0133333 2.60749e-17
0.333333 0.0133333 3.65937e-17
0.333333 0.0133333 2.72856e-18
0.333333 0.0266667 9.46546e-17
0.333333 0.0266667 1.8168e-17
0.333333 0.0266667 9.62438e-16
0.333333 0.0266667 2.43403e-17
0.333333 0.0266667 3.58695e-17
0.333333 0.0266667 2.73905e-18
0.333333 0.04 8.13221e-17
0.333333 0.04 1.72592e-17
0.333333 0.04 9.27207e-16
0.333333 0.04 2.2578e-17
0.333333 0.04 3.40681e-17
0.333333 0.04 2.73475e-18
0.333333 0.0533333 7.73407e-17
0.333333 0.0533333 1.61792e-17
0.333333 0.0533333 9.28212e-16
0.333333 0.0533333 2.18096e-17
0.333333 0.0533333 4.20971e-17
0.333333 0.0533333 2.77432e-18
0.333333 0.0666667 7.47985e-17
0.333333 0.0666667 1.5255e-17
0.333333 0.0666667 8.56864e-16
0.333333 0.0666667 2.10471e-17
0.333333 0.0666667 4.46299e-17
0.333333 0.0666667 2.81222e-18
0.333333 0.08 9.26527e-17
0.333333 0.08 1.42206e-17
0.333333 0.08 7.9269e-16
0.333333 0.08 2.15836e-17
0.333333 0.08 4.72894e-17
0.333333 0.08 2.86541e-18
0.333333 0.0933333 1.0517e-16
0.333333 0.0933333 1.27729e-17
0.333333 0.0933333 7.47832e-16
0.333333 0.0933333 2.24459e-17
0.333333 0.0933333 5.09566e-17
0.333333 0.0933333 2.89898e-18
0.333333 0.106667 1.12496e-16
0.333333 0.106667 9.9565e-18
0.333333 0.106667 7.0515e-16
0.333333 0.106667 2.32306e-17
0.333333 0.106667 5.41668e-17
0.333333 0.106667 2.83846e-18
0.333333 0.12 1.1701e-16
0.333333 0.12 9.46311e-18
0.333333 0.12 6.82983e-16
0.333333 0.12 2.24607e-17
0.333333 0.12 5.97675e-17
0.333333 0.12 2.80345e-18
0.333333 0.133333 1.22794e-16
0.333333 0.133333 1.09556e-17
0.333333 0.133333 6.30234e-16
0.333333 0.133333 2.22347e-17
0.333333 0.133333 5.9583e-17
0.333333 0.133333 2.50835e-18
0.333333 0.146667 1.21601e-16
0.333333 0.146667 9.72941e-18
0.333333 0.146667 6.16229e-16
0.333333 0.146667 2.06118e-17
0.333333 0.146667 6.01681e-17
0.333333 0.146667 2.32098e-18
0.333333 0.16 1.19579e-16
0.333333 0.16 1.06847e-17
0.333333 0.16 5.82096e-16
0.333333 0.16 2.37049e-17
0.333333 0.16 6.11772e-17
0.333333 0.16 2.09838e-18
0.333333 0.173333 1.23426e-16
0.333333 0.173333 1.20277e-17
0.333333 0.173333 5.13612e-16
0.333333 0.173333 2.45254e-17
0.333333 0.173333 5.95418e-17
0.333333 0.173333 2.00425e-18
0.333333 0.186667 1.19158e-16
0.333333 0.186667 1.18835e-17
0.333333 0.186667 4.87823e-16
0.333333 0.186667 2.51601e-17
0.333333 0.186667 5.95744e-17
0.333333 0.186667 1.68454e-18
0.346667 0 1.00457e-16
0.346667 0 1.4249e-17
0.346667 0 8.566e-16
0.346667 0 2.76185e-17
0.346667 0 4.3568e-17
0.346667 0 2.82223e-18
0.346667 0.0133333 7.89398e-17
0.346667 0.0133333 1.42724e-17
0.346667 0.0133333 8.9229e-16
0.346667 0.0133333 2.74755e-17
0.346667 0.0133333 3.88614e-17
0.346667 0.0133333 2.86242e-18
0.346667 0.0266667 5.14706e-17
0.346667 0.0266667 1.43619e-17
0.346667 0.0266667 8.86942e-16
0.346667 0.0266667 2.62748e-17
0.346667 0.0266667 4.16338e-17
0.346667 0.0266667 2.84818e-18
0.346667 0.04 5.6127e-17
0.346667 0.04 1.43158e-17
0.346667 0.04 8.55249e-16
0.346667 0.04 2.5314e-17
0.346667 0.04 3.76847e-17
0.346667 0.04 2.84969e-18
0.346667 0.0533333 5.80819e-17
0.346667 0.0533333 1.40445e-17
0.346667 0.0533333 7.98352e-16
0.346667 0.0533333 2.43984e-17
0.346667 0.0533333 3.91919e-17
0.346667 0.0533333 2.84896e-18
0.346667 0.0666667 5.89316e-17
0.346667 0.0666667 1.29879e-17
0.346667 0.0666667 7.82439e-16
0.346667 0.0666667 2.32536e-17
0.346667 0.0666667 4.75774e-17
0.346667 0.0666667 2.90646e-18
0.346667 0.08 5.58473e-17
0.346667 0.08 1.13635e-17
0.346667 0.08 7.4123e-16
0.346667 0.08 2.42739e-17
0.346667 0.08 5.36124e-17
0.346667 0.08 2.97763e-18
0.346667 0.0933333 4.45227e-17
0.346667 0.0933333 9.0994e-18
0.346667 0.0933333 6.9884e-16
0.346667 0.0933333 2.46316e-17
0.346667 0.0933333 5.44309e-17
0.346667 0.0933333 2.96331e-18
0.346667 0.106667 8.72331e-17
0.346667 0.106667 1.08876e-17
0.346667 0.106667 6.56908e-16
0.346667 0.106667 2.44956e-17
0.346667 0.106667 5.69585e-17
0.346667 0.106667 2.94999e-18
0.346667 0.12 1.02592e-16
0.346667 0.12 1.15416e-17
0.346667 0.12 6.12959e-16
0.346667 0.12 2.37763e-17
0.346667 0.12 5.82082e-17
0.346667 0.12 2.69795e-18
0.346667 0.133333 1.1529e-16
0.346667 0.133333 1.36173e-17
0.346667 0.133333 5.96079e-16
0.346667 0.133333 2.32476e-17
0.346667 0.133333 6.03821e-17
0.346667 0.133333 2.23159e-18
0.346667 0.146667 1.19243e-16
0.346667 0.146667 1.21818e-17
0.346667 0.146667 5.8416e-16
0.346667 0.146667 2.22014e-17
0.346667 0.146667 5.91198e-17
0.346667 0.146667 2.07952e-18
0.346667 0.16 1.17527e-16
0.346667 0.16 1.24061e-17
0.346667 0.16 5.138e-16
0.346667 0.16 2.33697e-17
0.346667 0.16 5.87864e-17
0.346667 0.16 2.01822e-18
0.346667 0.173333 1.13085e-16
0.346667 0.173333 1.25123e-17
0.346667 0.173333 4.65181e-16
0.346667 0.173333 2.49547e-17
0.346667 0.173333 5.8499e-17
0.346667 0.173333 1.89331e-18
0.346667 0.186667 6.63996e-17
0.346667 0.186667 1.11311e-17
0.346667 0.186667 4.57609e-16
0.346667 0.186667 2.55292e-17
0.346667 0.186667 5.81349e-17
0.346667 0.186667 1.79283e-18
0.346667 0.2 7.53692e-17
0.346667 0.2 1.03434e-17
0.346667 0.2 4.12388e-16
0.346667 0.2 2.61119e-17
0.346667 0.2 5.70044e-17
0.346667 0.2 1.71503e-18
0.36 0 6.68842e-17
0.36 0 1.41948e-17
0.36 0 7.92482e-16
0.36 0 2.89049e-17
0.36 0 4.59328e-17
0.36 0 2.97885e-18
0.36 0.0133333 4.66264e-17
0.36 0.0133333 1.39833e-17
0.36 0.0133333 7.70568e-16
0.36 0.0133333 2.8029e-17
0.36 0.0133333 4.42606e-17
0.36 0.0133333 3.0606e-18
0.36 0.0266667 4.54458e-17
0.36 0.0266667 1.3569e-17
0.36 0.0266667 7.92418e-16
0.36 0.0266667 2.7078e-17
0.36 0.0266667 4.27352e-17
0.36 0.0266667 3.01737e-18
0.36 0.04 4.52435e-17
0.36 0.04 1.26084e-17
0.36 0.04 7.74604e-16
0.36 0.04 2.59421e-17
0.36 0.04 4.30475e-17
0.36 0.04 2.93936e-18
0.36 0.0533333 5.26554e-17
0.36 0.0533333 1.18304e-17
0.36 0.0533333 7.46155e-16
0.36 0.0533333 2.43206e-17
0.36 0.0533333 3.9108e-17
0.36 0.0533333 2.98913e-18
0.36 0.0666667 5.85444e-17
0.36 0.0666667 1.18053e-17
0.36 0.0666667 7.34965e-16
0.36 0.0666667 2.41649e-17
0.36 0.0666667 4.24266e-17
0.36 0.0666667 3.01154e-18
0.36 0.08 5.92092e-17
0.36 0.08 1.2588e-17
0.36 0.08 7.13889e-16
0.36 0.08 2.48899e-17
0.36 0.08 5.00703e-17
0.36 0.08 3.08549e-18
0.36 0.0933333 6.392e-17
0.36 0.0933333 1.28081e-17
0.36 0.0933333 6.56701e-16
0.36 0.0933333 2.52614e-17
0.36 0.0933333 5.25349e-17
0.36 0.0933333 2.95155e-18
0.36 0.106667 6.91567e-17
0.36 0.106667 1.25644e-17
0.36 0.106667 6.02272e-16
0.36 0.106667 2.50326e-17
0.36 0.106667 5.47166e-17
0.36 0.106667 2.34249e-18
0.36 0.12 7.00581e-17
0.36 0.12 1.26934e-17
0.36 0.12 5.73659e-16
0.36 0.12 2.45995e-17
0.36 0.12 5.63284e-17
0.36 0.12 2.20143e-18
0.36 0.133333 6.1181e-17
0.36 0.133333 1.23894e-17
0.36 0.133333 5.66781e-16
0.36 0.133333 2.36749e-17
0.36 0.133333 5.85034e-17
0.36 0.133333 2.05764e-18
0.36 0.146667 5.75611e-17
0.36 0.146667 1.19108e-17
0.36 0.146667 5.25546e-16
0.36 0.146667 2.32533e-17
0.36 0.146667 5.9574e-17
0.36 0.146667 1.98935e-18
0.36 0.16 6.13512e-17
0.36 0.16 1.15422e-17
0.36 0.16 4.79457e-16
0.36 0.16 2.31929e-17
0.36 0.16 5.87543e-17
0.36 0.16 2.02069e-18
0.36 0.173333 6.60458e-17
0.36 0.173333 9.60975e-18
0.36 0.173333 4.45261e-16
0.36 0.173333 2.53979e-17
0.36 0.173333 5.77532e-17
0.36 0.173333 1.90595e-18
0.36 0.186667 7.97441e-17
0.36 0.186667 9.60771e-18
0.36 0.186667 4.3846e-16
0.36 0.186667 2.56146e-17
0.36 0.186667 5.62188e-17
0.36 0.186667 1.78693e-18
0.36 0.2 7.95639e-17
0.36 0.2 8.31965e-18
0.36 0.2 3.91071e-16
0.36 0.2 2.48508e-17
0.36 0.2 5.47924e-17
0.36 0.2 1.57997e-18
0.373333 0 4.66543e-17
0.373333 0 1.30952e-17
0.373333 0 7.22734e-16
0.373333 0 2.75362e-17
0.373333 0 4.90701e-17
0.373333 0 3.14652e-18
0.373333 0.0133333 4.83466e-17
0.373333 0.0133333 1.27737e-17
0.373333 0.0133333 6.92028e-16
0.373333 0.0133333 2.77084e-17
0.373333 0.0133333 4.70315e-17
0.373333 0.0133333 3.10113e-18
0.373333 0.0266667 4.26078e-17
0.373333 0.0266667 1.21339e-17
0.373333 0.0266667 6.96346e-16
0.373333 0.0266667 2.68843e-17
0.373333 0.0266667 4.28456e-17
0.373333 0.0266667 3.12153e-18
0.373333 0.04 4.47259e-17
0.373333 0.04 1.29711e-17
0.373333 0.04 6.73187e-16
0.373333 0.04 2.6014e-17
0.373333 0.04 4.43693e-17
0.373333 0.04 3.12563e-18
0.373333 0.0533333 4.38485e-17
0.373333 0.0533333 1.38249e-17
0.373333 0.0533333 6.40748e-16
0.373333 0.0533333 2.37735e-17
0.373333 0.0533333 4.40376e-17
0.373333 0.0533333 3.14965e-18
0.373333 0.0666667 4.28121e-17
0.373333 0.0666667 1.2887e-17
0.373333 0.0666667 6.0692e-16
0.373333 0.0666667 2.53004e-17
0.373333 0.0666667 3.98788e-17
0.373333 0.0666667 2.67011e-18
0.373333 0.08 5.72055e-17
0.373333 0.08 1.29968e-17
0.373333 0.08 6.29585e-16
0.373333 0.08 2.58966e-17
0.373333 0.08 4.48588e-17
0.373333 0.08 2.43587e-18
0.373333 0.0933333 6.24718e-17
0.373333 0.0933333 1.21875e-17
0.373333 0.0933333 6.07405e-16
0.373333 0.0933333 2.57719e-17
0.373333 0.0933333 5.06442e-17
0.373333 0.0933333 2.40765e-18
0.373333 0.106667 6.79031e-17
0.373333 0.106667 1.2234e-17
0.373333 0.106667 5.86783e-16
0.373333 0.106667 2.52355e-17
0.373333 0.106667 5.28164e-17
0.373333 0.106667 2.23697e-18
0.373333 0.12 7.12855e-17
0.373333 0.12 1.19724e-17
0.373333 0.12 5.68655e-16
0.373333 0.12 2.47796e-17
0.373333 0.12 5.3884e-17
0.373333 0.12 2.10129e-18
0.373333 0.133333 7.68067e-17
0.373333 0.133333 1.09388e-17
0.373333 0.133333 5.06245e-16
0.373333 0.133333 2.41695e-17
0.373333 0.133333 5.73532e-17
0.373333 0.133333 2.01687e-18
0.373333 0.146667 7.94602e-17
0.373333 0.146667 1.02408e-17
0.373333 0.146667 4.8658e-16
0.373333 0.146667 2.37007e-17
0.373333 0.146667 5.79024e-17
0.373333 0.146667 1.93494e-18
0.373333 0.16 8.17424e-17
0.373333 0.16 8.95361e-18
0.373333 0.16 4.36157e-16
0.373333 0.16 2.22533e-17
0.373333 0.16 5.55182e-17
0.373333 0.16 1.90304e-18
0.373333 0.173333 8.17896e-17
0.373333 0.173333 8.0958e-18
0.373333 0.173333 4.56467e-16
0.373333 0.173333 2.34574e-17
0.373333 0.173333 5.49449e-17
0.373333 0.173333 1.79003e-18
0.373333 0.186667 8.26289e-17
0.373333 0.186667 6.98512e-18
0.373333 0.186667 4.20637e-16
0.373333 0.186667 2.62669e-17
0.373333 0.186667 5.34084e-17
0.373333 0.186667 1.85882e-18
0.373333 0.2 8.3037e-17
0.373333 0.2 6.22106e-18
0.373333 0.2 3.82457e-16
0.373333 0.2 2.98856e-17
0.373333 0.2 5.15298e-17
0.373333 0.2 1.73638e-18
0.373333 0.213333 8.1633e-17
0.373333 0.213333 6.0177e-18
0.373333 0.213333 3.97826e-16
0.373333 0.213333 3.12576e-17
0.373333 0.213333 4.882e-17
0.373333 0.213333 1.86692e-18
0.386667 0 4.98491e-17
0.386667 0 1.19998e-17
0.386667 0 6.29847e-16
0.386667 0 2.82558e-17
0.386667 0 4.89855e-17
0.386667 0 3.26186e-18
0.386667 0.0133333 4.20729e-17
0.386667 0.0133333 1.30511e-17
0.386667 0.0133333 6.15413e-16
0.386667 0.0133333 2.84996e-17
0.386667 0.0133333 4.80919e-17
0.386667 0.0133333 3.16151e-18
0.386667 0.0266667 3.89392e-17
0.386667 0.0266667 1.35688e-17
0.386667 0.0266667 5.81861e-16
0.386667 0.0266667 2.74329e-17
0.386667 0.0266667 4.40055e-17
0.386667 0.0266667 2.88888e-18
0.386667 0.04 3.77308e-17
0.386667 0.04 1.37989e-17
0.386667 0.04 5.91997e-16
0.386667 0.04 2.63199e-17
0.386667 0.04 4.38338e-17
0.386667 0.04 2.46592e-18
0.386667 0.0533333 3.8578e-17
0.386667 0.0533333 1.26921e-17
0.386667 0.0533333 5.552e-16
0.386667 0.0533333 2.55456e-17
0.386667 0.0533333 4.38774e-17
0.386667 0.0533333 2.46947e-18
0.386667 0.0666667 4.0177e-17
0.386667 0.0666667 1.23202e-17
0.386667 0.0666667 5.29161e-16
0.386667 0.0666667 2.59181e-17
0.386667 0.0666667 4.40387e-17
0.386667 0.0666667 2.45233e-18
0.386667 0.08 4.20589e-17
0.386667 0.08 1.12829e-17
0.386667 0.08 5.081e-16
0.386667 0.08 2.63101e-17
0.386667 0.08 3.9853e-17
0.386667 0.08 2.36254e-18
0.386667 0.0933333 5.31796e-17
0.386667 0.0933333 1.11005e-17
0.386667 0.0933333 5.60071e-16
0.386667 0.0933333 2.6256e-17
0.386667 0.0933333 4.64552e-17
0.386667 0.0933333 2.20238e-18
0.386667 0.106667 6.36163e-17
0.386667 0.106667 1.07707e-17
0.386667 0.106667 5.29717e-16
0.386667 0.106667 2.55427e-17
0.386667 0.106667 5.15795e-17
0.386667 0.106667 2.13573e-18
0.386667 0.12 6.89033e-17
0.386667 0.12 9.90831e-18
0.386667 0.12 4.77776e-16
0.386667 0.12 2.48805e-17
0.386667 0.12 5.34316e-17
0.386667 0.12 2.03078e-18
0.386667 0.133333 7.42145e-17
0.386667 0.133333 8.95696e-18
0.386667 0.133333 4.28927e-16
0.386667 0.133333 2.40221e-17
0.386667 0.133333 5.40317e-17
0.386667 0.133333 1.8875e-18
0.386667 0.146667 7.6942e-17
0.386667 0.146667 7.99015e-18
0.386667 0.146667 4.29564e-16
0.386667 0.146667 2.22351e-17
0.386667 0.146667 5.39459e-17
0.386667 0.146667 1.82517e-18
0.386667 0.16 8.12873e-17
0.386667 0.16 7.66688e-18
0.386667 0.16 4.30394e-16
0.386667 0.16 2.35605e-17
0.386667 0.16 5.19399e-17
0.386667 0.16 1.94362e-18
0.386667 0.173333 8.31637e-17
0.386667 0.173333 7.23211e-18
0.386667 0.173333 4.04077e-16
0.386667 0.173333 2.82643e-17
0.386667 0.173333 5.07529e-17
0.386667 0.173333 1.96669e-18
0.386667 0.186667 8.32816e-17
0.386667 0.186667 6.42168e-18
0.386667 0.186667 3.65704e-16
0.386667 0.186667 2.97036e-17
0.386667 0.186667 4.89873e-17
0.386667 0.186667 1.95961e-18
0.386667 0.2 8.38777e-17
0.386667 0.2 5.91282e-18
0.386667 0.2 3.50944e-16
0.386667 0.2 3.08099e-17
0.386667 0.2 4.8631e-17
0.386667 0.2 1.90773e-18
0.386667 0.213333 8.05793e-17
0.386667 0.213333 5.27556e-18
0.386667 0.213333 3.60167e-16
0.386667 0.213333 3.21653e-17
0.386667 0.213333 4.60433e-17
0.386667 0.213333 1.92745e-18
0.4 0 4.13631e-17
0.4 0 1.51105e-17
0.4 0 5.44898e-16
0.4 0 2.8947e-17
0.4 0 4.57452e-17
0.4 0 2.24494e-18
0.4 0.0133333 3.64085e-17
0.4 0.0133333 1.49611e-17
0.4 0.0133333 5.239e-16
0.4 0.0133333 2.86752e-17
0.4 0.0133333 4.52873e-17
0.4 0.0133333 2.50036e-18
0.4 0.0266667 3.49766e-17
0.4 0.0266667 1.40233e-17
0.4 0.0266667 5.01701e-16
0.4 0.0266667 2.84244e-17
0.4 0.0266667 4.40392e-17
0.4 0.0266667 2.53343e-18
0.4 0.04 3.40709e-17
0.4 0.04 1.33731e-17
0.4 0.04 4.78448e-16
0.4 0.04 2.5122e-17
0.4 0.04 4.3674e-17
0.4 0.04 2.50286e-18
0.4 0.0533333 3.4768e-17
0.4 0.0533333 1.26636e-17
0.4 0.0533333 4.88703e-16
0.4 0.0533333 2.61775e-17
0.4 0.0533333 4.27542e-17
0.4 0.0533333 2.39024e-18
0.4 0.0666667 3.47715e-17
0.4 0.0666667 1.18005e-17
0.4 0.0666667 4.89747e-16
0.4 0.0666667 2.67486e-17
0.4 0.0666667 4.21231e-17
0.4 0.0666667 2.33448e-18
0.4 0.08 3.8089e-17
0.4 0.08 1.17615e-17
0.4 0.08 4.61647e-16
0.4 0.08 2.60661e-17
0.4 0.08 4.10471e-17
0.4 0.08 2.2008e-18
0.4 0.0933333 3.58642e-17
0.4 0.0933333 1.09429e-17
0.4 0.0933333 4.46766e-16
0.4 0.0933333 2.52818e-17
0.4 0.0933333 3.67002e-17
0.4 0.0933333 2.0392e-18
0.4 0.106667 5.30913e-17
0.4 0.106667 9.70182e-18
0.4 0.106667 4.3323e-16
0.4 0.106667 2.38744e-17
0.4 0.106667 4.2607e-17
0.4 0.106667 1.93338e-18
0.4 0.12 6.18715e-17
0.4 0.12 8.97091e-18
0.4 0.12 4.04624e-16
0.4 0.12 2.59072e-17
0.4 0.12 4.42624e-17
0.4 0.12 1.99158e-18
0.4 0.133333 6.88372e-17
0.4 0.133333 8.51994e-18
0.4 0.133333 4.0298e-16
0.4 0.133333 2.7475e-17
0.4 0.133333 4.70591e-17
0.4 0.133333 2.01165e-18
0.4 0.146667 7.33646e-17
0.4 0.146667 7.39738e-18
0.4 0.146667 3.82124e-16
0.4 0.146667 2.73353e-17
0.4 0.146667 4.77244e-17
0.4 0.146667 1.99238e-18
0.4 0.16 7.7084e-17
0.4 0.16 7.21523e-18
0.4 0.16 3.79693e-16
0.4 0.16 2.54526e-17
0.4 0.16 4.87897e-17
0.4 0.16 2.06441e-18
0.4 0.173333 8.19678e-17
0.4 0.173333 6.11932e-18
0.4 0.173333 3.56872e-16
0.4 0.173333 2.92669e-17
0.4 0.173333 4.79378e-17
0.4 0.173333 2.09684e-18
0.4 0.186667 8.20228e-17
0.4 0.186667 5.64644e-18
0.4 0.186667 3.17727e-16
0.4 0.186667 3.04108e-17
0.4 0.186667 4.76984e-17
0.4 0.186667 2.01733e-18
0.4 0.2 8.15086e-17
0.4 0.2 5.08982e-18
0.4 0.2 3.43044e-16
0.4 0.2 3.23518e-17
0.4 0.2 4.55024e-17
0.4 0.2 1.92748e-18
0.4 0.213333 8.0512e-17
0.4 0.213333 5.09066e-18
0.4 0.213333 3.24131e-16
0.4 0.213333 3.36038e-17
0.4 0.213333 4.48222e-17
0.4 0.213333 1.9477e-18
0.4 0.226667 7.62378e-17
0.4 0.226667 4.70304e-18
0.4 0.226667 3.02391e-16
0.4 0.226667 3.69038e-17
0.4 0.226667 4.56808e-17
0.4 0.226667 2.00846e-18
0.413333 0 3.16749e-17
0.413333 0 1.43927e-17
0.413333 0 4.80297e-16
0.413333 0 2.67533e-17
0.413333 0 4.40249e-17
0.413333 0 2.06745e-18
0.413333 0.0133333 3.23557e-17
0.413333 0.0133333 1.40784e-17
0.413333 0.0133333 4.63701e-16
0.413333 0.0133333 2.6243e-17
0.413333 0.0133333 4.33271e-17
0.413333 0.0133333 2.04496e-18
0.413333 0.0266667 2.59851e-17
0.413333 0.0266667 1.33157e-17
0.413333 0.0266667 4.50843e-16
0.413333 0.0266667 2.58637e-17
0.413333 0.0266667 4.26346e-17
0.413333 0.0266667 2.02804e-18
0.413333 0.04 2.42676e-17
0.413333 0.04 1.2636e-17
0.413333 0.04 4.43216e-16
0.413333 0.04 2.52183e-17
0.413333 0.04 4.18649e-17
0.413333 0.04 2.11056e-18
0.413333 0.0533333 2.54067e-17
0.413333 0.0533333 1.18281e-17
0.413333 0.0533333 4.19253e-16
0.413333 0.0533333 2.65953e-17
0.413333 0.0533333 4.27674e-17
0.413333 0.0533333 2.09048e-18
0.413333 0.0666667 2.68343e-17
0.413333 0.0666667 1.12052e-17
0.413333 0.0666667 3.98704e-16
0.413333 0.0666667 2.78934e-17
0.413333 0.0666667 4.1615e-17
0.413333 0.0666667 2.08506e-18
0.413333 0.08 3.17562e-17
0.413333 0.08 1.04048e-17
0.413333 0.08 3.97973e-16
0.413333 0.08 2.95267e-17
0.413333 0.08 4.028e-17
0.413333 0.08 2.0869e-18
0.413333 0.0933333 3.45553e-17
0.413333 0.0933333 9.32808e-18
0.413333 0.0933333 3.71566e-16
0.413333 0.0933333 2.9151e-17
0.413333 0.0933333 3.98114e-17
0.413333 0.0933333 2.11719e-18
0.413333 0.106667 3.67624e-17
0.413333 0.106667 8.82863e-18
0.413333 0.106667 3.45237e-16
0.413333 0.106667 2.90972e-17
0.413333 0.106667 3.56009e-17
0.413333 0.106667 2.10498e-18
0.413333 0.12 5.09464e-17
0.413333 0.12 8.13551e-18
0.413333 0.12 3.70056e-16
0.413333 0.12 2.95198e-17
0.413333 0.12 4.29698e-17
0.413333 0.12 2.10865e-18
0.413333 0.133333 6.06079e-17
0.413333 0.133333 7.15092e-18
0.413333 0.133333 3.49449e-16
0.413333 0.133333 2.95808e-17
0.413333 0.133333 4.34494e-17
0.413333 0.133333 2.1226e-18
0.413333 0.146667 6.68832e-17
0.413333 0.146667 6.78385e-18
0.413333 0.146667 3.50256e-16
0.413333 0.146667 2.88761e-17
0.413333 0.146667 4.25875e-17
0.413333 0.146667 2.10556e-18
0.413333 0.16 7.34202e-17
0.413333 0.16 5.5228e-18
0.413333 0.16 3.44872e-16
0.413333 0.16 2.64591e-17
0.413333 0.16 4.43856e-17
0.413333 0.16 2.09381e-18
0.413333 0.173333 7.74658e-17
0.413333 0.173333 5.17745e-18
0.413333 0.173333 3.20803e-16
0.413333 0.173333 3.02248e-17
0.413333 0.173333 4.46983e-17
0.413333 0.173333 2.04867e-18
0.413333 0.186667 7.85884e-17
0.413333 0.186667 5.11953e-18
0.413333 0.186667 3.05731e-16
0.413333 0.186667 3.19043e-17
0.413333 0.186667 4.40506e-17
0.413333 0.186667 2.02316e-18
0.413333 0.2 7.85577e-17
0.413333 0.2 4.89704e-18
0.413333 0.2 3.12311e-16
0.413333 0.2 3.35509e-17
0.413333 0.2 4.33836e-17
0.413333 0.2 2.00656e-18
0.413333 0.213333 7.61902e-17
0.413333 0.213333 5.04151e-18
0.413333 0.213333 2.86912e-16
0.413333 0.213333 3.46248e-17
0.413333 0.213333 4.3678e-17
0.413333 0.213333 1.95236e-18
0.413333 0.226667 7.39625e-17
0.413333 0.226667 5.37739e-18
0.413333 0.226667 2.66015e-16
0.413333 0.226667 3.75916e-17
0.413333 0.226667 4.44753e-17
0.413333 0.226667 1.98274e-18
0.426667 0 3.10335e-17
0.426667 0 1.28161e-17
0.426667 0 4.30556e-16
0.426667 0 3.12929e-17
0.426667 0 4.35155e-17
0.426667 0 1.79239e-18
0.426667 0.0133333 2.69468e-17
0.426667 0.0133333 1.23354e-17
0.426667 0.0133333 4.13063e-16
0.426667 0.0133333 3.14827e-17
0.426667 0.0133333 4.27221e-17
0.426667 0.0133333 1.76721e-18
0.426667 0.0266667 2.76149e-17
0.426667 0.0266667 1.17407e-17
0.426667 0.0266667 4.03967e-16
0.426667 0.0266667 2.8568e-17
0.426667 0.0266667 4.24075e-17
0.426667 0.0266667 1.90122e-18
0.426667 0.04 2.60431e-17
0.426667 0.04 1.13045e-17
0.426667 0.04 3.89275e-16
0.426667 0.04 3.12401e-17
0.426667 0.04 4.14389e-17
0.426667 0.04 1.932e-18
0.426667 0.0533333 2.4802e-17
0.426667 0.0533333 1.06303e-17
0.426667 0.0533333 3.70963e-16
0.426667 0.0533333 3.06614e-17
0.426667 0.0533333 4.13679e-17
0.426667 0.0533333 1.98436e-18
0.426667 0.0666667 2.43272e-17
0.426667 0.0666667 9.70735e-18
0.426667 0.0666667 3.46812e-16
0.426667 0.0666667 3.00225e-17
0.426667 0.0666667 4.11532e-17
0.426667 0.0666667 1.9682e-18
0.426667 0.08 2.5867e-17
0.426667 0.08 8.96462e-18
0.426667 0.08 3.29239e-16
0.426667 0.08 2.93725e-17
0.426667 0.08 4.05421e-17
0.426667 0.08 2.13144e-18
0.426667 0.0933333 2.98742e-17
0.426667 0.0933333 8.66057e-18
0.426667 0.0933333 3.00274e-16
0.426667 0.0933333 2.9708e-17
0.426667 0.0933333 3.84026e-17
0.426667 0.0933333 2.16912e-18
0.426667 0.106667 3.28745e-17
0.426667 0.106667 7.84058e-18
0.426667 0.106667 3.11325e-16
0.426667 0.106667 3.03223e-17
0.426667 0.106667 3.76022e-17
0.426667 0.106667 2.19831e-18
0.426667 0.12 3.60693e-17
0.426667 0.12 6.88926e-18
0.426667 0.12 3.19408e-16
0.426667 0.12 3.04901e-17
0.426667 0.12 3.59465e-17
0.426667 0.12 2.1482e-18
0.426667 0.133333 4.60524e-17
0.426667 0.133333 5.85587e-18
0.426667 0.133333 3.29458e-16
0.426667 0.133333 3.02083e-17
0.426667 0.133333 4.06717e-17
0.426667 0.133333 2.05851e-18
0.426667 0.146667 5.98742e-17
0.426667 0.146667 5.43948e-18
0.426667 0.146667 3.27916e-16
0.426667 0.146667 2.95582e-17
0.426667 0.146667 4.12217e-17
0.426667 0.146667 2.11395e-18
0.426667 0.16 6.60618e-17
0.426667 0.16 5.09894e-18
0.426667 0.16 3.09715e-16
0.426667 0.16 2.71537e-17
0.426667 0.16 4.20046e-17
0.426667 0.16 2.09204e-18
0.426667 0.173333 6.9716e-17
0.426667 0.173333 5.05578e-18
0.426667 0.173333 2.96003e-16
0.426667 0.173333 3.08879e-17
0.426667 0.173333 4.26518e-17
0.426667 0.173333 2.06248e-18
0.426667 0.186667 7.27726e-17
0.426667 0.186667 4.62138e-18
0.426667 0.186667 2.8902e-16
0.426667 0.186667 3.23539e-17
0.426667 0.186667 4.28414e-17
0.426667 0.186667 1.99271e-18
0.426667 0.2 7.41206e-17
0.426667 0.2 5.21516e-18
0.426667 0.2 2.80728e-16
0.426667 0.2 3.37775e-17
0.426667 0.2 4.23809e-17
0.426667 0.2 1.94409e-18
0.426667 0.213333 7.33533e-17
0.426667 0.213333 5.35062e-18
0.426667 0.213333 2.6027e-16
0.426667 0.213333 3.5028e-17
0.426667 0.213333 4.24644e-17
0.426667 0.213333 1.93846e-18
0.426667 0.226667 7.08771e-17
0.426667 0.226667 5.41235e-18
0.426667 0.226667 2.32523e-16
0.426667 0.226667 3.78509e-17
0.426667 0.226667 4.18681e-17
0.426667 0.226667 2.09482e-18
0.426667 0.24 6.69473e-17
0.426667 0.24 5.17708e-18
0.426667 0.24 2.08153e-16
0.426667 0.24 3.84685e-17
0.426667 0.24 3.97321e-17
0.426667 0.24 2.27514e-18
0.44 0 2.83177e-17
0.44 0 1.09268e-17
0.44 0 3.89017e-16
0.44 0 3.17575e-17
0.44 0 4.457e-17
0.44 0 1.91587e-18
0.44 0.0133333 2.71803e-17
0.44 0.0133333 1.07165e-17
0.44 0.0133333 3.75183e-16
0.44 0.0133333 3.1054e-17
0.44 0.0133333 4.37328e-17
0.44 0.0133333 1.92359e-18
0.44 0.0266667 2.50321e-17
0.44 0.0266667 1.0206e-17
0.44 0.0266667 3.52593e-16
0.44 0.0266667 3.22586e-17
0.44 0.0266667 4.42639e-17
0.44 0.0266667 1.84578e-18
0.44 0.04 2.35871e-17
0.44 0.04 9.16676e-18
0.44 0.04 3.39557e-16
0.44 0.04 3.33704e-17
0.44 0.04 4.2827e-17
0.44 0.04 1.75233e-18
0.44 0.0533333 2.37834e-17
0.44 0.0533333 8.81423e-18
0.44 0.0533333 3.21086e-16
0.44 0.0533333 3.29016e-17
0.44 0.0533333 4.21062e-17
0.44 0.0533333 1.86664e-18
0.44 0.0666667 2.31509e-17
0.44 0.0666667 8.42563e-18
0.44 0.0666667 3.14632e-16
0.44 0.0666667 3.25568e-17
0.44 0.0666667 4.14374e-17
0.44 0.0666667 1.91918e-18
0.44 0.08 2.37225e-17
0.44 0.08 8.10079e-18
0.44 0.08 2.97656e-16
0.44 0.08 3.27596e-17
0.44 0.08 4.0853e-17
0.44 0.08 1.94225e-18
0.44 0.0933333 2.69597e-17
0.44 0.0933333 7.17252e-18
0.44 0.0933333 2.939e-16
0.44 0.0933333 3.21152e-17
0.44 0.0933333 3.79944e-17
0.44 0.0933333 1.90885e-18
0.44 0.106667 2.75932e-17
0.44 0.106667 6.24012e-18
0.44 0.106667 2.86775e-16
0.44 0.106667 3.16623e-17
0.44 0.106667 3.75475e-17
0.44 0.106667 1.93269e-18
0.44 0.12 3.21518e-17
0.44 0.12 6.08172e-18
0.44 0.12 2.86746e-16
0.44 0.12 3.14136e-17
0.44 0.12 3.49174e-17
0.44 0.12 2.03244e-18
0.44 0.133333 3.50848e-17
0.44 0.133333 5.60092e-18
0.44 0.133333 2.81892e-16
0.44 0.133333 3.08275e-17
0.44 0.133333 3.78823e-17
0.44 0.133333 2.0696e-18
0.44 0.146667 4.42187e-17
0.44 0.146667 5.22557e-18
0.44 0.146667 2.74852e-16
0.44 0.146667 2.98301e-17
0.44 0.146667 3.95671e-17
0.44 0.146667 2.04877e-18
0.44 0.16 5.87697e-17
0.44 0.16 5.02936e-18
0.44 0.16 2.85299e-16
0.44 0.16 2.76756e-17
0.44 0.16 3.97075e-17
0.44 0.16 1.99456e-18
0.44 0.173333 6.32525e-17
0.44 0.173333 4.96054e-18
0.44 0.173333 2.69245e-16
0.44 0.173333 3.13881e-17
0.44 0.173333 3.89894e-17
0.44 0.173333 2.05395e-18
0.44 0.186667 6.7613e-17
0.44 0.186667 5.18161e-18
0.44 0.186667 2.70456e-16
0.44 0.186667 3.29507e-17
0.44 0.186667 4.00081e-17
0.44 0.186667 1.98943e-18
0.44 0.2 6.92385e-17
0.44 0.2 5.23442e-18
0.44 0.2 2.41834e-16
0.44 0.2 3.43124e-17
0.44 0.2 4.02623e-17
0.44 0.2 2.07978e-18
0.44 0.213333 7.01781e-17
0.44 0.213333 5.16714e-18
0.44 0.213333 2.30548e-16
0.44 0.213333 3.63543e-17
0.44 0.213333 4.03893e-17
0.44 0.213333 2.23384e-18
0.44 0.226667 6.68011e-17
0.44 0.226667 5.06615e-18
0.44 0.226667 2.12873e-16
0.44 0.226667 3.83677e-17
0.44 0.226667 3.96694e-17
0.44 0.226667 2.38374e-18
0.44 0.24 6.38551e-17
0.44 0.24 4.87156e-18
0.44 0.24 1.69788e-16
0.44 0.24 3.78667e-17
0.44 0.24 3.73434e-17
0.44 0.24 2.5541e-18
0.44 0.253333 6.14138e-17
0.44 0.253333 4.54622e-18
0.44 0.253333 1.60749e-16
0.44 0.253333 3.63335e-17
0.44 0.253333 3.60723e-17
0.44 0.253333 2.69758e-18
0.453333 0 2.40501e-17
0.453333 0 6.58971e-18
0.453333 0 3.52474e-16
0.453333 0 3.17213e-17
0.453333 0 4.49204e-17
0.453333 0 1.944e-18
0.453333 0.0133333 2.37211e-17
0.453333 0.0133333 7.12047e-18
0.453333 0.0133333 3.44731e-16
0.453333 0.0133333 3.21095e-17
0.453333 0.0133333 4.47985e-17
0.453333 0.0133333 1.94604e-18
0.453333 0.0266667 2.2146e-17
0.453333 0.0266667 7.50042e-18
0.453333 0.0266667 3.35998e-16
0.453333 0.0266667 3.42235e-17
0.453333 0.0266667 4.43627e-17
0.453333 0.0266667 1.92164e-18
0.453333 0.04 2.13965e-17
0.453333 0.04 7.46054e-18
0.453333 0.04 3.22279e-16
0.453333 0.04 3.47655e-17
0.453333 0.04 4.38827e-17
0.453333 0.04 1.9019e-18
0.453333 0.0533333 2.09773e-17
0.453333 0.0533333 7.50063e-18
0.453333 0.0533333 3.06528e-16
0.453333 0.0533333 3.48037e-17
0.453333 0.0533333 4.25076e-17
0.453333 0.0533333 1.81015e-18
0.453333 0.0666667 2.09288e-17
0.453333 0.0666667 7.27404e-18
0.453333 0.0666667 2.89985e-16
0.453333 0.0666667 3.4071e-17
0.453333 0.0666667 4.23321e-17
0.453333 0.0666667 1.78698e-18
0.453333 0.08 2.12824e-17
0.453333 0.08 6.94832e-18
0.453333 0.08 2.8832e-16
0.453333 0.08 3.41972e-17
0.453333 0.08 4.13412e-17
0.453333 0.08 1.70205e-18
0.453333 0.0933333 2.25602e-17
0.453333 0.0933333 6.61489e-18
0.453333 0.0933333 2.84905e-16
0.453333 0.0933333 3.34229e-17
0.453333 0.0933333 3.96043e-17
0.453333 0.0933333 1.72162e-18
0.453333 0.106667 2.36283e-17
0.453333 0.106667 6.02221e-18
0.453333 0.106667 2.73037e-16
0.453333 0.106667 3.32906e-17
0.453333 0.106667 3.89924e-17
0.453333 0.106667 1.79173e-18
0.453333 0.12 2.82276e-17
0.453333 0.12 5.51437e-18
0.453333 0.12 2.55395e-16
0.453333 0.12 3.28921e-17
0.453333 0.12 3.66103e-17
0.453333 0.12 1.74477e-18
0.453333 0.133333 3.13202e-17
0.453333 0.133333 5.28801e-18
0.453333 0.133333 2.51748e-16
0.453333 0.133333 3.24864e-17
0.453333 0.133333 3.30716e-17
0.453333 0.133333 1.82546e-18
0.453333 0.146667 3.08469e-17
0.453333 0.146667 4.99117e-18
0.453333 0.146667 2.47324e-16
0.453333 0.146667 3.21783e-17
0.453333 0.146667 3.64955e-17
0.453333 0.146667 1.84543e-18
0.453333 0.16 4.11392e-17
0.453333 0.16 4.95888e-18
0.453333 0.16 2.41142e-16
0.453333 0.16 2.8229e-17
0.453333 0.16 3.66529e-17
0.453333 0.16 1.90257e-18
0.453333 0.173333 5.69841e-17
0.453333 0.173333 4.95819e-18
0.453333 0.173333 2.28632e-16
0.453333 0.173333 3.21626e-17
0.453333 0.173333 3.71735e-17
0.453333 0.173333 2.15449e-18
0.453333 0.186667 6.07339e-17
0.453333 0.186667 4.99706e-18
0.453333 0.186667 2.3353e-16
0.453333 0.186667 3.38584e-17
0.453333 0.186667 3.67e-17
0.453333 0.186667 2.24432e-18
0.453333 0.2 6.25714e-17
0.453333 0.2 4.88794e-18
0.453333 0.2 2.30882e-16
0.453333 0.2 3.62862e-17
0.453333 0.2 3.77911e-17
0.453333 0.2 2.23076e-18
0.453333 0.213333 6.35509e-17
0.453333 0.213333 4.80472e-18
0.453333 0.213333 1.83228e-16
0.453333 0.213333 3.75772e-17
0.453333 0.213333 3.79617e-17
0.453333 0.213333 2.43142e-18
0.453333 0.226667 6.23735e-17
0.453333 0.226667 4.64817e-18
0.453333 0.226667 1.56249e-16
0.453333 0.226667 3.71061e-17
0.453333 0.226667 3.68628e-17
0.453333 0.226667 2.56414e-18
0.453333 0.24 6.00681e-17
0.453333 0.24 4.39096e-18
0.453333 0.24 1.57183e-16
0.453333 0.24 3.63488e-17
0.453333 0.24 3.59547e-17
0.453333 0.24 2.72966e-18
0.453333 0.253333 5.91051e-17
0.453333 0.253333 4.03368e-18
0.453333 0.253333 1.5339e-16
0.453333 0.253333 3.67062e-17
0.453333 0.253333 3.57211e-17
0.453333 0.253333 2.82527e-18
0.466667 0 2.21616e-17
0.466667 0 7.57018e-18
0.466667 0 3.11294e-16
0.466667 0 3.37348e-17
0.466667 0 4.52339e-17
0.466667 0 1.77819e-18
0.466667 0.0133333 2.12441e-17
0.466667 0.0133333 7.52464e-18
0.466667 0.0133333 3.03395e-16
0.466667 0.0133333 3.56455e-17
0.466667 0.0133333 4.5662e-17
0.466667 0.0133333 1.77132e-18
0.466667 0.0266667 1.92951e-17
0.466667 0.0266667 7.49198e-18
0.466667 0.0266667 2.97926e-16
0.466667 0.0266667 3.62537e-17
0.466667 0.0266667 4.49681e-17
0.466667 0.0266667 1.78769e-18
0.466667 0.04 1.84075e-17
0.466667 0.04 7.25253e-18
0.466667 0.04 2.91713e-16
0.466667 0.04 3.69578e-17
0.466667 0.04 4.50235e-17
0.466667 0.04 1.76361e-18
0.466667 0.0533333 2.00565e-17
0.466667 0.0533333 6.97769e-18
0.466667 0.0533333 2.79491e-16
0.466667 0.0533333 3.72514e-17
0.466667 0.0533333 4.35418e-17
0.466667 0.0533333 1.77283e-18
0.466667 0.0666667 2.10867e-17
0.466667 0.0666667 6.56048e-18
0.466667 0.0666667 2.90052e-16
0.466667 0.0666667 3.73954e-17
0.466667 0.0666667 4.37691e-17
0.466667 0.0666667 1.74523e-18
0.466667 0.08 2.10931e-17
0.466667 0.08 6.45212e-18
0.466667 0.08 2.70066e-16
0.466667 0.08 3.63197e-17
0.466667 0.08 4.23081e-17
0.466667 0.08 1.62368e-18
0.466667 0.0933333 2.08706e-17
0.466667 0.0933333 5.6511e-18
0.466667 0.0933333 2.67265e-16
0.466667 0.0933333 3.60229e-17
0.466667 0.0933333 4.02189e-17
0.466667 0.0933333 1.67606e-18
0.466667 0.106667 2.12204e-17
0.466667 0.106667 5.44823e-18
0.466667 0.106667 2.48537e-16
0.466667 0.106667 3.52041e-17
0.466667 0.106667 3.95114e-17
0.466667 0.106667 1.68705e-18
0.466667 0.12 2.36933e-17
0.466667 0.12 5.13874e-18
0.466667 0.12 2.32148e-16
0.466667 0.12 3.35637e-17
0.466667 0.12 3.77696e-17
0.466667 0.12 1.70582e-18
0.466667 0.133333 2.80612e-17
0.466667 0.133333 4.75277e-18
0.466667 0.133333 2.20754e-16
0.466667 0.133333 3.31957e-17
0.466667 0.133333 3.54965e-17
0.466667 0.133333 1.77841e-18
0.466667 0.146667 3.04817e-17
0.466667 0.146667 4.99671e-18
0.466667 0.146667 2.10024e-16
0.466667 0.146667 3.29678e-17
0.466667 0.146667 3.3491e-17
0.466667 0.146667 1.82671e-18
0.466667 0.16 3.25185e-17
0.466667 0.16 5.37009e-18
0.466667 0.16 2.03028e-16
0.466667 0.16 2.92272e-17
0.466667 0.16 3.55747e-17
0.466667 0.16 1.89432e-18
0.466667 0.173333 4.10424e-17
0.466667 0.173333 5.35094e-18
0.466667 0.173333 2.02643e-16
0.466667 0.173333 3.45681e-17
0.466667 0.173333 3.58798e-17
0.466667 0.173333 1.98069e-18
0.466667 0.186667 5.28726e-17
0.466667 0.186667 5.26376e-18
0.466667 0.186667 1.88809e-16
0.466667 0.186667 3.47973e-17
0.466667 0.186667 3.54156e-17
0.466667 0.186667 2.07352e-18
0.466667 0.2 5.52961e-17
0.466667 0.2 5.05376e-18
0.466667 0.2 1.73757e-16
0.466667 0.2 3.44942e-17
0.466667 0.2 3.45687e-17
0.466667 0.2 2.07225e-18
0.466667 0.213333 5.84309e-17
0.466667 0.213333 4.99377e-18
0.466667 0.213333 1.67363e-16
0.466667 0.213333 3.67776e-17
0.466667 0.213333 3.55385e-17
0.466667 0.213333 2.31416e-18
0.466667 0.226667 5.85372e-17
0.466667 0.226667 4.70976e-18
0.466667 0.226667 1.50477e-16
0.466667 0.226667 3.69799e-17
0.466667 0.226667 3.59902e-17
0.466667 0.226667 2.69105e-18
0.466667 0.24 5.84997e-17
0.466667 0.24 3.90312e-18
0.466667 0.24 1.48608e-16
0.466667 0.24 3.69385e-17
0.466667 0.24 3.48416e-17
0.466667 0.24 2.79436e-18
0.466667 0.253333 5.47154e-17
0.466667 0.253333 3.23704e-18
0.466667 0.253333 1.42192e-16
0.466667 0.253333 3.74202e-17
0.466667 0.253333 3.14229e-17
0.466667 0.253333 2.81892e-18
0.466667 0.266667 5.45277e-17
0.466667 0.266667 2.9172e-18
0.466667 0.266667 1.36902e-16
0.466667 0.266667 3.72315e-17
0.466667 0.266667 3.5431e-17
0.466667 0.266667 2.83042e-18
0.48 0 1.94384e-17
0.48 0 7.51316e-18
0.48 0 2.67075e-16
0.48 0 3.74566e-17
0.48 0 4.62906e-17
0.48 0 1.6734e-18
0.48 0.0133333 1.74674e-17
0.48 0.0133333 7.34268e-18
0.48 0.0133333 2.63708e-16
0.48 0.0133333 3.75466e-17
0.48 0.0133333 4.64945e-17
0.48 0.0133333 1.6791e-18
0.48 0.0266667 1.73292e-17
0.48 0.0266667 7.13946e-18
0.48 0.0266667 2.58504e-16
0.48 0.0266667 3.88043e-17
0.48 0.0266667 4.55012e-17
0.48 0.0266667 1.56292e-18
0.48 0.04 1.81402e-17
0.48 0.04 6.84609e-18
0.48 0.04 2.54085e-16
0.48 0.04 3.91264e-17
0.48 0.04 4.5103e-17
0.48 0.04 1.55975e-18
0.48 0.0533333 1.87918e-17
0.48 0.0533333 6.38891e-18
0.48 0.0533333 2.60984e-16
0.48 0.0533333 3.95132e-17
0.48 0.0533333 4.45711e-17
0.48 0.0533333 1.60025e-18
0.48 0.0666667 1.95917e-17
0.48 0.0666667 5.99368e-18
0.48 0.0666667 2.42818e-16
0.48 0.0666667 3.96534e-17
0.48 0.0666667 4.4137e-17
0.48 0.0666667 1.56031e-18
0.48 0.08 2.10296e-17
0.48 0.08 5.87444e-18
0.48 0.08 2.45348e-16
0.48 0.08 3.92873e-17
0.48 0.08 4.28982e-17
0.48 0.08 1.49027e-18
0.48 0.0933333 2.17499e-17
0.48 0.0933333 5.82871e-18
0.48 0.0933333 2.36335e-16
0.48 0.0933333 3.84624e-17
0.48 0.0933333 4.06654e-17
0.48 0.0933333 1.40981e-18
0.48 0.106667 2.135e-17
0.48 0.106667 5.73176e-18
0.48 0.106667 2.20433e-16
0.48 0.106667 3.75123e-17
0.48 0.106667 3.986e-17
0.48 0.106667 1.57166e-18
0.48 0.12 2.43268e-17
0.48 0.12 5.42124e-18
0.48 0.12 2.09002e-16
0.48 0.12 3.61637e-17
0.48 0.12 3.81576e-17
0.48 0.12 1.71229e-18
0.48 0.133333 2.1951e-17
0.48 0.133333 5.37879e-18
0.48 0.133333 1.97437e-16
0.48 0.133333 3.49957e-17
0.48 0.133333 3.76039e-17
0.48 0.133333 1.79548e-18
0.48 0.146667 2.67492e-17
0.48 0.146667 5.41001e-18
0.48 0.146667 1.98343e-16
0.48 0.146667 3.5158e-17
0.48 0.146667 3.15391e-17
0.48 0.146667 1.87599e-18
0.48 0.16 3.01825e-17
0.48 0.16 5.36505e-18
0.48 0.16 1.9339e-16
0.48 0.16 3.03174e-17
0.48 0.16 3.40113e-17
0.48 0.16 1.98255e-18
0.48 0.173333 3.35536e-17
0.48 0.173333 5.08762e-18
0.48 0.173333 1.62865e-16
0.48 0.173333 3.37617e-17
0.48 0.173333 3.44984e-17
0.48 0.173333 2.05222e-18
0.48 0.186667 4.03841e-17
0.48 0.186667 5.43932e-18
0.48 0.186667 1.55998e-16
0.48 0.186667 3.52863e-17
0.48 0.186667 3.41079e-17
0.48 0.186667 2.0782e-18
0.48 0.2 4.95118e-17
0.48 0.2 4.89437e-18
0.48 0.2 1.46837e-16
0.48 0.2 3.58493e-17
0.48 0.2 3.40773e-17
0.48 0.2 2.13463e-18
0.48 0.213333 5.39824e-17
0.48 0.213333 4.1737e-18
0.48 0.213333 1.39689e-16
0.48 0.213333 3.7208e-17
0.48 0.213333 3.31022e-17
0.48 0.213333 2.2484e-18
0.48 0.226667 5.37971e-17
0.48 0.226667 3.86922e-18
0.48 0.226667 1.43089e-16
0.48 0.226667 3.64589e-17
0.48 0.226667 3.27178e-17
0.48 0.226667 2.34479e-18
0.48 0.24 5.43196e-17
0.48 0.24 3.30851e-18
0.48 0.24 1.37537e-16
0.48 0.24 3.72061e-17
0.48 0.24 3.29167e-17
0.48 0.24 2.34978e-18
0.48 0.253333 5.39308e-17
0.48 0.253333 2.98602e-18
0.48 0.253333 1.3082e-16
0.48 0.253333 3.64175e-17
0.48 0.253333 3.65145e-17
0.48 0.253333 2.30096e-18
0.48 0.266667 5.18725e-17
0.48 0.266667 2.70053e-18
0.48 0.266667 1.25993e-16
0.48 0.266667 3.54911e-17
0.48 0.266667 3.72263e-17
0.48 0.266667 2.24175e-18
0.493333 0 1.5664e-17
0.493333 0 7.56906e-18
0.493333 0 2.35849e-16
0.493333 0 4.00852e-17
0.493333 0 4.70057e-17
0.493333 0 1.85431e-18
0.493333 0.0133333 1.49154e-17
0.493333 0.0133333 7.41077e-18
0.493333 0.0133333 2.30251e-16
0.493333 0.0133333 4.11499e-17
0.493333 0.0133333 4.7486e-17
0.493333 0.0133333 1.82339e-18
0.493333 0.0266667 1.53496e-17
0.493333 0.0266667 7.06804e-18
0.493333 0.0266667 2.3081e-16
0.493333 0.0266667 4.13317e-17
0.493333 0.0266667 4.72677e-17
0.493333 0.0266667 1.81977e-18
0.493333 0.04 1.45682e-17
0.493333 0.04 6.69072e-18
0.493333 0.04 2.2815e-16
0.493333 0.04 4.13814e-17
0.493333 0.04 4.59816e-17
0.493333 0.04 1.79008e-18
0.493333 0.0533333 1.50403e-17
0.493333 0.0533333 6.28856e-18
0.493333 0.0533333 2.18912e-16
0.493333 0.0533333 4.17051e-17
0.493333 0.0533333 4.51865e-17
0.493333 0.0533333 1.86239e-18
0.493333 0.0666667 1.6578e-17
0.493333 0.0666667 6.35784e-18
0.493333 0.0666667 2.15678e-16
0.493333 0.0666667 4.10786e-17
0.493333 0.0666667 4.52558e-17
0.493333 0.0666667 1.95335e-18
0.493333 0.08 1.88195e-17
0.493333 0.08 5.88441e-18
0.493333 0.08 2.04338e-16
0.493333 0.08 4.11923e-17
0.493333 0.08 4.35019e-17
0.493333 0.08 1.9758e-18
0.493333 0.0933333 2.00161e-17
0.493333 0.0933333 5.74958e-18
0.493333 0.0933333 2.00109e-16
0.493333 0.0933333 4.12376e-17
0.493333 0.0933333 4.16037e-17
0.493333 0.0933333 2.03244e-18
0.493333 0.106667 2.10231e-17
0.493333 0.106667 5.26309e-18
0.493333 0.106667 1.97483e-16
0.493333 0.106667 4.05961e-17
0.493333 0.106667 4.02096e-17
0.493333 0.106667 2.05606e-18
0.493333 0.12 2.22438e-17
0.493333 0.12 5.85489e-18
0.493333 0.12 1.94867e-16
0.493333 0.12 3.82908e-17
0.493333 0.12 3.86082e-17
0.493333 0.12 2.06597e-18
0.493333 0.133333 2.53247e-17
0.493333 0.133333 5.73364e-18
0.493333 0.133333 1.91024e-16
0.493333 0.133333 3.659e-17
0.493333 0.133333 3.71676e-17
0.493333 0.133333 2.08878e-18
0.493333 0.146667 2.57153e-17
0.493333 0.146667 5.51356e-18
0.493333 0.146667 1.49552e-16
0.493333 0.146667 3.45911e-17
0.493333 0.146667 3.46165e-17
0.493333 0.146667 2.16373e-18
0.493333 0.16 2.42747e-17
0.493333 0.16 5.5252e-18
0.493333 0.16 1.5883e-16
0.493333 0.16 3.20987e-17
0.493333 0.16 3.02262e-17
0.493333 0.16 2.29382e-18
0.493333 0.173333 2.85171e-17
0.493333 0.173333 4.54058e-18
0.493333 0.173333 1.51619e-16
0.493333 0.173333 3.59671e-17
0.493333 0.173333 3.2668e-17
0.493333 0.173333 2.29678e-18
0.493333 0.186667 3.28038e-17
0.493333 0.186667 4.43002e-18
0.493333 0.186667 1.45937e-16
0.493333 0.186667 3.72603e-17
0.493333 0.186667 3.26904e-17
0.493333 0.186667 2.25322e-18
0.493333 0.2 3.86901e-17
0.493333 0.2 4.08115e-18
0.493333 0.2 1.36464e-16
0.493333 0.2 3.77414e-17
0.493333 0.2 3.27918e-17
0.493333 0.2 2.3508e-18
0.493333 0.213333 4.37453e-17
0.493333 0.213333 3.69025e-18
0.493333 0.213333 1.21522e-16
0.493333 0.213333 3.8988e-17
0.493333 0.213333 3.00611e-17
0.493333 0.213333 2.36005e-18
0.493333 0.226667 4.99899e-17
0.493333 0.226667 3.19375e-18
0.493333 0.226667 1.23152e-16
0.493333 0.226667 3.68617e-17
0.493333 0.226667 3.22654e-17
0.493333 0.226667 2.37345e-18
0.493333 0.24 5.18901e-17
0.493333 0.24 2.74099e-18
0.493333 0.24 1.29359e-16
0.493333 0.24 3.55862e-17
0.493333 0.24 3.54201e-17
0.493333 0.24 2.42955e-18
0.493333 0.253333 5.11049e-17
0.493333 0.253333 2.39084e-18
0.493333 0.253333 1.23151e-16
0.493333 0.253333 3.29853e-17
0.493333 0.253333 3.72434e-17
0.493333 0.253333 2.36398e-18
0.493333 0.266667 4.9784e-17
0.493333 0.266667 2.45765e-18
0.493333 0.266667 1.16187e-16
0.493333 0.266667 3.38379e-17
0.493333 0.266667 3.70863e-17
0.493333 0.266667 1.97784e-18
0.493333 0.28 3.98322e-17
0.493333 0.28 2.26946e-18
0.493333 0.28 1.11526e-16
0.493333 0.28 4.00387e-17
0.493333 0.28 3.64586e-17
0.493333 0.28 1.86629e-18
0.506667 0 1.44601e-17
0.506667 0 6.71227e-18
0.506667 0 2.03809e-16
0.506667 0 4.31568e-17
0.506667 0 4.8451e-17
0.506667 0 1.56282e-18
0.506667 0.0133333 1.47869e-17
0.506667 0.0133333 7.10302e-18
0.506667 0.0133333 2.0588e-16
0.506667 0.0133333 4.34705e-17
0.506667 0.0133333 4.84066e-17
0.506667 0.0133333 1.62352e-18
0.506667 0.0266667 1.3738e-17
0.506667 0.0266667 7.03145e-18
0.506667 0.0266667 1.99702e-16
0.506667 0.0266667 4.36974e-17
0.506667 0.0266667 4.74108e-17
0.506667 0.0266667 1.8631e-18
0.506667 0.04 1.28311e-17
0.506667 0.04 6.94832e-18
0.506667 0.04 1.95272e-16
0.506667 0.04 4.41393e-17
0.506667 0.04 4.70685e-17
0.506667 0.04 1.93072e-18
0.506667 0.0533333 1.22098e-17
0.506667 0.0533333 6.89965e-18
0.506667 0.0533333 1.98592e-16
0.506667 0.0533333 4.40233e-17
0.506667 0.0533333 4.61891e-17
0.506667 0.0533333 1.88105e-18
0.506667 0.0666667 1.34592e-17
0.506667 0.0666667 6.36053e-18
0.506667 0.0666667 1.98243e-16
0.506667 0.0666667 4.42208e-17
0.506667 0.0666667 4.61373e-17
0.506667 0.0666667 1.97642e-18
0.506667 0.08 1.57104e-17
0.506667 0.08 6.18962e-18
0.506667 0.08 1.94223e-16
0.506667 0.08 4.37734e-17
0.506667 0.08 4.41807e-17
0.506667 0.08 2.05497e-18
0.506667 0.0933333 1.83718e-17
0.506667 0.0933333 5.6286e-18
0.506667 0.0933333 1.88775e-16
0.506667 0.0933333 4.39102e-17
0.506667 0.0933333 4.2345e-17
0.506667 0.0933333 2.15875e-18
0.506667 0.106667 1.9139e-17
0.506667 0.106667 5.77926e-18
0.506667 0.106667 1.88357e-16
0.506667 0.106667 4.17041e-17
0.506667 0.106667 4.07951e-17
0.506667 0.106667 2.22248e-18
0.506667 0.12 2.00116e-17
0.506667 0.12 5.69091e-18
0.506667 0.12 1.80857e-16
0.506667 0.12 3.9262e-17
0.506667 0.12 3.90624e-17
0.506667 0.12 2.2498e-18
0.506667 0.133333 2.40773e-17
0.506667 0.133333 5.42316e-18
0.506667 0.133333 1.49699e-16
0.506667 0.133333 3.80146e-17
0.506667 0.133333 3.82535e-17
0.506667 0.133333 2.30193e-18
0.506667 0.146667 2.70035e-17
0.506667 0.146667 5.01757e-18
0.506667 0.146667 1.48247e-16
0.506667 0.146667 3.64386e-17
0.506667 0.146667 3.50092e-17
0.506667 0.146667 2.30265e-18
0.506667 0.16 2.64975e-17
0.506667 0.16 4.5251e-18
0.506667 0.16 1.44087e-16
0.506667 0.16 3.45975e-17
0.506667 0.16 3.19201e-17
0.506667 0.16 2.29979e-18
0.506667 0.173333 2.79942e-17
0.506667 0.173333 4.17992e-18
0.506667 0.173333 1.41699e-16
0.506667 0.173333 3.74541e-17
0.506667 0.173333 3.07157e-17
0.506667 0.173333 2.27585e-18
0.506667 0.186667 2.3905e-17
0.506667 0.186667 3.87942e-18
0.506667 0.186667 1.29944e-16
0.506667 0.186667 3.90604e-17
0.506667 0.186667 3.14289e-17
0.506667 0.186667 2.23771e-18
0.506667 0.2 3.10464e-17
0.506667 0.2 3.28242e-18
0.506667 0.2 1.24754e-16
0.506667 0.2 3.99871e-17
0.506667 0.2 2.90368e-17
0.506667 0.2 2.36329e-18
0.506667 0.213333 3.59484e-17
0.506667 0.213333 3.14694e-18
0.506667 0.213333 1.14711e-16
0.506667 0.213333 3.9388e-17
0.506667 0.213333 3.27853e-17
0.506667 0.213333 2.32277e-18
0.506667 0.226667 3.85585e-17
0.506667 0.226667 2.50673e-18
0.506667 0.226667 1.15054e-16
0.506667 0.226667 3.6843e-17
0.506667 0.226667 3.36494e-17
0.506667 0.226667 2.26426e-18
0.506667 0.24 4.10189e-17
0.506667 0.24 2.3572e-18
0.506667 0.24 1.10895e-16
0.506667 0.24 3.26621e-17
0.506667 0.24 3.33177e-17
0.506667 0.24 2.1341e-18
0.506667 0.253333 4.17175e-17
0.506667 0.253333 2.31269e-18
0.506667 0.253333 1.1252e-16
0.506667 0.253333 3.44567e-17
0.506667 0.253333 3.6125e-17
0.506667 0.253333 2.16998e-18
0.506667 0.266667 3.54166e-17
0.506667 0.266667 2.38419e-18
0.506667 0.266667 1.08976e-16
0.506667 0.266667 3.91636e-17
0.506667 0.266667 3.61464e-17
0.506667 0.266667 2.07486e-18
0.52 0 1.50569e-17
0.52 0 7.48685e-18
0.52 0 1.90343e-16
0.52 0 4.6043e-17
0.52 0 4.89563e-17
0.52 0 2.08394e-18
0.52 0.0133333 1.328e-17
0.52 0.0133333 7.24055e-18
0.52 0.0133333 1.87345e-16
0.52 0.0133333 4.58452e-17
0.52 0.0133333 4.85036e-17
0.52 0.0133333 2.0771e-18
0.52 0.0266667 1.23552e-17
0.52 0.0266667 7.04193e-18
0.52 0.0266667 1.8467e-16
0.52 0.0266667 4.57533e-17
0.52 0.0266667 4.81641e-17
0.52 0.0266667 2.04786e-18
0.52 0.04 1.26017e-17
0.52 0.04 6.70625e-18
0.52 0.04 1.84771e-16
0.52 0.04 4.56868e-17
0.52 0.04 4.74627e-17
0.52 0.04 1.98692e-18
0.52 0.0533333 1.22501e-17
0.52 0.0533333 6.17555e-18
0.52 0.0533333 1.86977e-16
0.52 0.0533333 4.59805e-17
0.52 0.0533333 4.62875e-17
0.52 0.0533333 1.90188e-18
0.52 0.0666667 1.15997e-17
0.52 0.0666667 6.0333e-18
0.52 0.0666667 1.84492e-16
0.52 0.0666667 4.58963e-17
0.52 0.0666667 4.55781e-17
0.52 0.0666667 1.58743e-18
0.52 0.08 1.31188e-17
0.52 0.08 5.49164e-18
0.52 0.08 1.77943e-16
0.52 0.08 4.54251e-17
0.52 0.08 4.38324e-17
0.52 0.08 1.725e-18
0.52 0.0933333 1.62212e-17
0.52 0.0933333 5.595e-18
0.52 0.0933333 1.74347e-16
0.52 0.0933333 4.3153e-17
0.52 0.0933333 4.29287e-17
0.52 0.0933333 1.78186e-18
0.52 0.106667 1.77124e-17
0.52 0.106667 5.33667e-18
0.52 0.106667 1.45027e-16
0.52 0.106667 4.11456e-17
0.52 0.106667 4.09874e-17
0.52 0.106667 1.85406e-18
0.52 0.12 1.81414e-17
0.52 0.12 5.23715e-18
0.52 0.12 1.43148e-16
0.52 0.12 4.05636e-17
0.52 0.12 4.02818e-17
0.52 0.12 1.92314e-18
0.52 0.133333 2.14559e-17
0.52 0.133333 4.73792e-18
0.52 0.133333 1.38546e-16
0.52 0.133333 3.98732e-17
0.52 0.133333 3.88452e-17
0.52 0.133333 1.88923e-18
0.52 0.146667 2.50152e-17
0.52 0.146667 4.42595e-18
0.52 0.146667 1.38786e-16
0.52 0.146667 3.77203e-17
0.52 0.146667 3.61142e-17
0.52 0.146667 1.85686e-18
0.52 0.16 2.81828e-17
0.52 0.16 4.24424e-18
0.52 0.16 1.33241e-16
0.52 0.16 3.71745e-17
0.52 0.16 3.27252e-17
0.52 0.16 1.83601e-18
0.52 0.173333 2.72526e-17
0.52 0.173333 3.74904e-18
0.52 0.173333 1.29659e-16
0.52 0.173333 4.12752e-17
0.52 0.173333 2.82418e-17
0.52 0.173333 1.78973e-18
0.52 0.186667 2.92594e-17
0.52 0.186667 3.37255e-18
0.52 0.186667 1.20702e-16
0.52 0.186667 4.23607e-17
0.52 0.186667 2.78726e-17
0.52 0.186667 1.8951e-18
0.52 0.2 3.09885e-17
0.52 0.2 3.03637e-18
0.52 0.2 1.15857e-16
0.52 0.2 4.17165e-17
0.52 0.2 3.15981e-17
0.52 0.2 2.07381e-18
0.52 0.213333 3.28253e-17
0.52 0.213333 2.47524e-18
0.52 0.213333 1.10424e-16
0.52 0.213333 3.83125e-17
0.52 0.213333 3.33143e-17
0.52 0.213333 2.21243e-18
0.52 0.226667 3.39357e-17
0.52 0.226667 2.24976e-18
0.52 0.226667 1.06971e-16
0.52 0.226667 3.51829e-17
0.52 0.226667 3.33221e-17
0.52 0.226667 2.37978e-18
0.52 0.24 3.28079e-17
0.52 0.24 2.10354e-18
0.52 0.24 9.98975e-17
0.52 0.24 3.26182e-17
0.52 0.24 3.23548e-17
0.52 0.24 2.47838e-18
0.52 0.253333 3.61777e-17
0.52 0.253333 2.05263e-18
0.52 0.253333 9.85617e-17
0.52 0.253333 3.83986e-17
0.52 0.253333 3.32523e-17
0.52 0.253333 2.2717e-18
0.533333 0 1.37759e-17
0.533333 0 6.86558e-18
0.533333 0 1.64191e-16
0.533333 0 4.80962e-17
0.533333 0 4.87594e-17
0.533333 0 2.34705e-18
0.533333 0.0133333 1.15314e-17
0.533333 0.0133333 6.7422e-18
0.533333 0.0133333 1.67078e-16
0.533333 0.0133333 4.83278e-17
0.533333 0.0133333 4.90805e-17
0.533333 0.0133333 2.46159e-18
0.533333 0.0266667 1.17613e-17
0.533333 0.0266667 6.42113e-18
0.533333 0.0266667 1.68922e-16
0.533333 0.0266667 4.77623e-17
0.533333 0.0266667 4.88282e-17
0.533333 0.0266667 2.4786e-18
0.533333 0.04 1.08964e-17
0.533333 0.04 6.0797e-18
0.533333 0.04 1.69006e-16
0.533333 0.04 4.63852e-17
0.533333 0.04 4.90965e-17
0.533333 0.04 2.47072e-18
0.533333 0.0533333 1.11821e-17
0.533333 0.0533333 5.94735e-18
0.533333 0.0533333 1.68587e-16
0.533333 0.0533333 4.54474e-17
0.533333 0.0533333 4.83644e-17
0.533333 0.0533333 2.26198e-18
0.533333 0.0666667 1.12776e-17
0.533333 0.0666667 5.57931e-18
0.533333 0.0666667 1.68258e-16
0.533333 0.0666667 4.45786e-17
0.533333 0.0666667 4.77243e-17
0.533333 0.0666667 2.21846e-18
0.533333 0.08 1.12566e-17
0.533333 0.08 5.48078e-18
0.533333 0.08 1.51138e-16
0.533333 0.08 4.4557e-17
0.533333 0.08 4.6002e-17
0.533333 0.08 2.07837e-18
0.533333 0.0933333 1.35727e-17
0.533333 0.0933333 4.73312e-18
0.533333 0.0933333 1.38827e-16
0.533333 0.0933333 4.26936e-17
0.533333 0.0933333 4.44031e-17
0.533333 0.0933333 2.02948e-18
0.533333 0.106667 1.63954e-17
0.533333 0.106667 4.99421e-18
0.533333 0.106667 1.36363e-16
0.533333 0.106667 4.15441e-17
0.533333 0.106667 4.1808e-17
0.533333 0.106667 1.97184e-18
0.533333 0.12 1.70659e-17
0.533333 0.12 4.8343e-18
0.533333 0.12 1.31231e-16
0.533333 0.12 4.14228e-17
0.533333 0.12 4.04505e-17
0.533333 0.12 1.96711e-18
0.533333 0.133333 1.97582e-17
0.533333 0.133333 4.5759e-18
0.533333 0.133333 1.31127e-16
0.533333 0.133333 4.09345e-17
0.533333 0.133333 3.97536e-17
0.533333 0.133333 1.95947e-18
0.533333 0.146667 2.29975e-17
0.533333 0.146667 3.70538e-18
0.533333 0.146667 1.30344e-16
0.533333 0.146667 3.81377e-17
0.533333 0.146667 3.71553e-17
0.533333 0.146667 1.97691e-18
0.533333 0.16 2.6406e-17
0.533333 0.16 3.5186e-18
0.533333 0.16 1.25439e-16
0.533333 0.16 3.77794e-17
0.533333 0.16 3.27257e-17
0.533333 0.16 1.99158e-18
0.533333 0.173333 2.97805e-17
0.533333 0.173333 3.42359e-18
0.533333 0.173333 1.17178e-16
0.533333 0.173333 4.13988e-17
0.533333 0.173333 2.87332e-17
0.533333 0.173333 1.99385e-18
0.533333 0.186667 2.86621e-17
0.533333 0.186667 3.18076e-18
0.533333 0.186667 1.12231e-16
0.533333 0.186667 4.29154e-17
0.533333 0.186667 2.63537e-17
0.533333 0.186667 2.12741e-18
0.533333 0.2 2.8224e-17
0.533333 0.2 2.86555e-18
0.533333 0.2 1.07949e-16
0.533333 0.2 4.4189e-17
0.533333 0.2 3.16325e-17
0.533333 0.2 2.18929e-18
0.533333 0.213333 3.22014e-17
0.533333 0.213333 2.69109e-18
0.533333 0.213333 9.84468e-17
0.533333 0.213333 3.74067e-17
0.533333 0.213333 3.2196e-17
0.533333 0.213333 2.232e-18
0.533333 0.226667 3.48746e-17
0.533333 0.226667 2.53926e-18
0.533333 0.226667 9.97029e-17
0.533333 0.226667 3.36537e-17
0.533333 0.226667 3.29874e-17
0.533333 0.226667 2.2124e-18
0.546667 0 1.10106e-17
0.546667 0 6.22286e-18
0.546667 0 1.52396e-16
0.546667 0 4.50149e-17
0.546667 0 5.17523e-17
0.546667 0 2.62564e-18
0.546667 0.0133333 9.6239e-18
0.546667 0.0133333 6.12291e-18
0.546667 0.0133333 1.45298e-16
0.546667 0.0133333 4.54205e-17
0.546667 0.0133333 5.26655e-17
0.546667 0.0133333 2.66661e-18
0.546667 0.0266667 1.00805e-17
0.546667 0.0266667 5.99427e-18
0.546667 0.0266667 1.52756e-16
0.546667 0.0266667 4.56335e-17
0.546667 0.0266667 5.09592e-17
0.546667 0.0266667 2.64419e-18
0.546667 0.04 1.08709e-17
0.546667 0.04 5.50608e-18
0.546667 0.04 1.51301e-16
0.546667 0.04 4.59737e-17
0.546667 0.04 5.07009e-17
0.546667 0.04 2.60122e-18
0.546667 0.0533333 1.10418e-17
0.546667 0.0533333 5.48223e-18
0.546667 0.0533333 1.47729e-16
0.546667 0.0533333 4.5843e-17
0.546667 0.0533333 5.03882e-17
0.546667 0.0533333 2.64311e-18
0.546667 0.0666667 1.0826e-17
0.546667 0.0666667 4.90757e-18
0.546667 0.0666667 1.32729e-16
0.546667 0.0666667 4.53258e-17
0.546667 0.0666667 4.95218e-17
0.546667 0.0666667 2.695e-18
0.546667 0.08 1.10161e-17
0.546667 0.08 5.16188e-18
0.546667 0.08 1.29879e-16
0.546667 0.08 4.59391e-17
0.546667 0.08 4.72435e-17
0.546667 0.08 2.68275e-18
0.546667 0.0933333 1.2045e-17
0.546667 0.0933333 4.69374e-18
0.546667 0.0933333 1.27381e-16
0.546667 0.0933333 4.45855e-17
0.546667 0.0933333 4.59603e-17
0.546667 0.0933333 2.66097e-18
0.546667 0.106667 1.46157e-17
0.546667 0.106667 4.36129e-18
0.546667 0.106667 1.24003e-16
0.546667 0.106667 4.38714e-17
0.546667 0.106667 4.31555e-17
0.546667 0.106667 2.712e-18
0.546667 0.12 1.57963e-17
0.546667 0.12 4.32997e-18
0.546667 0.12 1.23016e-16
0.546667 0.12 4.2702e-17
0.546667 0.12 4.19135e-17
0.546667 0.12 2.78024e-18
0.546667 0.133333 1.75614e-17
0.546667 0.133333 4.13695e-18
0.546667 0.133333 1.21975e-16
0.546667 0.133333 4.18801e-17
0.546667 0.133333 3.9849e-17
0.546667 0.133333 2.81604e-18
0.546667 0.146667 2.13838e-17
0.546667 0.146667 4.06795e-18
0.546667 0.146667 1.20152e-16
0.546667 0.146667 3.92806e-17
0.546667 0.146667 3.72925e-17
0.546667 0.146667 2.65729e-18
0.546667 0.16 2.4562e-17
0.546667 0.16 3.92214e-18
0.546667 0.16 1.14057e-16
0.546667 0.16 3.78707e-17
0.546667 0.16 3.15358e-17
0.546667 0.16 2.56828e-18
0.546667 0.173333 2.8193e-17
0.546667 0.173333 3.61066e-18
0.546667 0.173333 1.07321e-16
0.546667 0.173333 4.16122e-17
0.546667 0.173333 3.04766e-17
0.546667 0.173333 2.66558e-18
0.546667 0.186667 2.96484e-17
0.546667 0.186667 3.08919e-18
0.546667 0.186667 1.05088e-16
0.546667 0.186667 4.19696e-17
0.546667 0.186667 2.86894e-17
0.546667 0.186667 2.72156e-18
0.546667 0.2 2.96442e-17
0.546667 0.2 2.86445e-18
0.546667 0.2 1.01146e-16
0.546667 0.2 4.18046e-17
0.546667 0.2 3.03072e-17
0.546667 0.2 2.71681e-18
0.56 0 9.90351e-18
0.56 0 5.50973e-18
0.56 0 1.40849e-16
0.56 0 4.62786e-17
0.56 0 5.73352e-17
0.56 0 2.78343e-18
0.56 0.0133333 1.00827e-17
0.56 0.0133333 5.02944e-18
0.56 0.0133333 1.39744e-16
0.56 0.0133333 4.55374e-17
0.56 0.0133333 5.64157e-17
0.56 0.0133333 2.83086e-18
0.56 0.0266667 1.0413e-17
0.56 0.0266667 5.13215e-18
0.56 0.0266667 1.35764e-16
0.56 0.0266667 4.54387e-17
0.56 0.0266667 5.61377e-17
0.56 0.0266667 2.7917e-18
0.56 0.04 1.0383e-17
0.56 0.04 5.23169e-18
0.56 0.04 1.20949e-16
0.56 0.04 4.66096e-17
0.56 0.04 5.31468e-17
0.56 0.04 2.8275e-18
0.56 0.0533333 1.02351e-17
0.56 0.0533333 5.04521e-18
0.56 0.0533333 1.20216e-16
0.56 0.0533333 4.73523e-17
0.56 0.0533333 5.16611e-17
0.56 0.0533333 2.89124e-18
0.56 0.0666667 1.07495e-17
0.56 0.0666667 4.94657e-18
0.56 0.0666667 1.18815e-16
0.56 0.0666667 4.85183e-17
0.56 0.0666667 5.04434e-17
0.56 0.0666667 2.85711e-18
0.56 0.08 1.05241e-17
0.56 0.08 4.55214e-18
0.56 0.08 1.18831e-16
0.56 0.08 4.76829e-17
0.56 0.08 4.88314e-17
0.56 0.08 2.7909e-18
0.56 0.0933333 1.08506e-17
0.56 0.0933333 4.75374e-18
0.56 0.0933333 1.18289e-16
0.56 0.0933333 4.64372e-17
0.56 0.0933333 4.64424e-17
0.56 0.0933333 2.76307e-18
0.56 0.106667 1.31053e-17
0.56 0.106667 4.63567e-18
0.56 0.106667 1.13262e-16
0.56 0.106667 4.48805e-17
0.56 0.106667 4.45242e-17
0.56 0.106667 2.822e-18
0.56 0.12 1.52814e-17
0.56 0.12 4.4787e-18
0.56 0.12 1.14802e-16
0.56 0.12 4.49577e-17
0.56 0.12 4.20806e-17
0.56 0.12 2.85067e-18
0.56 0.133333 1.73689e-17
0.56 0.133333 4.33185e-18
0.56 0.133333 1.12741e-16
0.56 0.133333 4.339e-17
0.56 0.133333 4.01375e-17
0.56 0.133333 2.84533e-18
0.56 0.146667 2.07253e-17
0.56 0.146667 4.11543e-18
0.56 0.146667 1.09817e-16
0.56 0.146667 4.04662e-17
0.56 0.146667 3.83907e-17
0.56 0.146667 2.77637e-18
0.56 0.16 2.30846e-17
0.56 0.16 3.80083e-18
0.56 0.16 1.04792e-16
0.56 0.16 3.58036e-17
0.56 0.16 3.13521e-17
0.56 0.16 2.6763e-18
0.56 0.173333 2.66258e-17
0.56 0.173333 3.3551e-18
0.56 0.173333 1.00461e-16
0.56 0.173333 4.01705e-17
0.56 0.173333 3.19094e-17
0.56 0.173333 2.85226e-18
0.573333 0 1.01644e-17
0.573333 0 5.91783e-18
0.573333 0 1.30276e-16
0.573333 0 5.03524e-17
0.573333 0 5.8874e-17
0.573333 0 3.00147e-18
0.573333 0.0133333 1.00395e-17
0.573333 0.0133333 5.79135e-18
0.573333 0.0133333 1.12215e-16
0.573333 0.0133333 5.08181e-17
0.573333 0.0133333 5.8475e-17
0.573333 0.0133333 2.88528e-18
0.573333 0.0266667 1.01193e-17
0.573333 0.0266667 5.56586e-18
0.573333 0.0266667 1.1343e-16
0.573333 0.0266667 4.95869e-17
0.573333 0.0266667 5.67475e-17
0.573333 0.0266667 2.89485e-18
0.573333 0.04 1.02805e-17
0.573333 0.04 5.37674e-18
0.573333 0.04 1.112e-16
0.573333 0.04 4.93645e-17
0.573333 0.04 5.57338e-17
0.573333 0.04 3.0412e-18
0.573333 0.0533333 1.04717e-17
0.573333 0.0533333 4.99304e-18
0.573333 0.0533333 1.07616e-16
0.573333 0.0533333 5.03152e-17
0.573333 0.0533333 5.43874e-17
0.573333 0.0533333 3.06194e-18
0.573333 0.0666667 1.04778e-17
0.573333 0.0666667 4.8112e-18
0.573333 0.0666667 1.11509e-16
0.573333 0.0666667 5.00635e-17
0.573333 0.0666667 5.099e-17
0.573333 0.0666667 3.0182e-18
0.573333 0.08 1.05355e-17
0.573333 0.08 4.7903e-18
0.573333 0.08 1.12472e-16
0.573333 0.08 4.92633e-17
0.573333 0.08 4.85657e-17
0.573333 0.08 3.01036e-18
0.573333 0.0933333 9.90046e-18
0.573333 0.0933333 4.78306e-18
0.573333 0.0933333 1.10097e-16
0.573333 0.0933333 4.60485e-17
0.573333 0.0933333 4.66624e-17
0.573333 0.0933333 2.99942e-18
0.573333 0.106667 1.20637e-17
0.573333 0.106667 4.63388e-18
0.573333 0.106667 1.0752e-16
0.573333 0.106667 4.6317e-17
0.573333 0.106667 4.47915e-17
0.573333 0.106667 3.02571e-18
0.573333 0.12 1.40604e-17
0.573333 0.12 4.47165e-18
0.573333 0.12 1.09038e-16
0.573333 0.12 4.55638e-17
0.573333 0.12 4.24313e-17
0.573333 0.12 3.01169e-18
0.573333 0.133333 1.68506e-17
0.573333 0.133333 4.21582e-18
0.573333 0.133333 1.0552e-16
0.573333 0.133333 4.43275e-17
0.573333 0.133333 4.09633e-17
0.573333 0.133333 2.96657e-18
0.573333 0.146667 1.95395e-17
0.573333 0.146667 3.87804e-18
0.573333 0.146667 1.01741e-16
0.573333 0.146667 4.22468e-17
0.573333 0.146667 3.84256e-17
0.573333 0.146667 2.91642e-18
0.573333 0.16 2.1461e-17
0.573333 0.16 3.53656e-18
0.573333 0.16 1.01945e-16
0.573333 0.16 3.57533e-17
0.573333 0.16 3.2996e-17
0.573333 0.16 2.93604e-18
0.586667 0 1.01017e-17
0.586667 0 5.5903e-18
0.586667 0 9.22069e-17
0.586667 0 5.39914e-17
0.586667 0 6.08235e-17
0.586667 0 3.02633e-18
0.586667 0.0133333 1.01969e-17
0.586667 0.0133333 5.45048e-18
0.586667 0.0133333 9.0412e-17
0.586667 0.0133333 5.45818e-17
0.586667 0.0133333 5.99193e-17
0.586667 0.0133333 3.05511e-18
0.586667 0.0266667 1.02405e-17
0.586667 0.0266667 5.25384e-18
0.586667 0.0266667 1.04925e-16
0.586667 0.0266667 5.45114e-17
0.586667 0.0266667 5.87958e-17
0.586667 0.0266667 3.12677e-18
0.586667 0.04 1.02572e-17
0.586667 0.04 5.1854e-18
0.586667 0.04 1.04514e-16
0.586667 0.04 5.38458e-17
0.586667 0.04 5.81419e-17
0.586667 0.04 3.27265e-18
0.586667 0.0533333 1.02512e-17
0.586667 0.0533333 4.94796e-18
0.586667 0.0533333 1.03601e-16
0.586667 0.0533333 5.15327e-17
0.586667 0.0533333 5.56211e-17
0.586667 0.0533333 3.26769e-18
0.586667 0.0666667 1.04576e-17
0.586667 0.0666667 4.91488e-18
0.586667 0.0666667 1.01484e-16
0.586667 0.0666667 4.8757e-17
0.586667 0.0666667 5.26854e-17
0.586667 0.0666667 3.25489e-18
0.586667 0.08 1.02218e-17
0.586667 0.08 4.67636e-18
0.586667 0.08 1.02702e-16
0.586667 0.08 4.79183e-17
0.586667 0.08 4.69417e-17
0.586667 0.08 3.27678e-18
0.586667 0.0933333 9.82393e-18
0.586667 0.0933333 4.67271e-18
0.586667 0.0933333 1.02076e-16
0.586667 0.0933333 4.6749e-17
0.586667 0.0933333 4.6579e-17
0.586667 0.0933333 3.27116e-18
0.586667 0.106667 1.17649e-17
0.586667 0.106667 4.47029e-18
0.586667 0.106667 9.93859e-17
0.586667 0.106667 4.6935e-17
0.586667 0.106667 4.55961e-17
0.586667 0.106667 3.23582e-18
0.586667 0.12 1.34452e-17
0.586667 0.12 4.36151e-18
0.586667 0.12 1.00349e-16
0.586667 0.12 4.62955e-17
0.586667 0.12 4.37148e-17
0.586667 0.12 3.16985e-18
0.586667 0.133333 1.63624e-17
0.586667 0.133333 3.99957e-18
0.586667 0.133333 9.8221e-17
0.586667 0.133333 4.46752e-17
0.586667 0.133333 4.15773e-17
0.586667 0.133333 3.11461e-18
0.6 0 1.02213e-17
0.6 0 5.29997e-18
0.6 0 8.54016e-17
0.6 0 5.463e-17
0.6 0 6.05934e-17
0.6 0 3.27777e-18
0.6 0.0133333 1.03051e-17
0.6 0.0133333 5.18302e-18
0.6 0.0133333 8.52147e-17
0.6 0.0133333 5.56112e-17
0.6 0.0133333 5.96512e-17
0.6 0.0133333 3.30803e-18
0.6 0.0266667 1.01778e-17
0.6 0.0266667 5.06849e-18
0.6 0.0266667 8.44457e-17
0.6 0.0266667 5.55529e-17
0.6 0.0266667 5.93552e-17
0.6 0.0266667 3.38331e-18
0.6 0.04 1.02662e-17
0.6 0.04 4.78335e-18
0.6 0.04 8.91586e-17
0.6 0.04 5.59001e-17
0.6 0.04 5.78868e-17
0.6 0.04 3.4463e-18
0.6 0.0533333 1.02922e-17
0.6 0.0533333 4.78645e-18
0.6 0.0533333 9.70504e-17
0.6 0.0533333 5.51537e-17
0.6 0.0533333 5.72987e-17
0.6 0.0533333 3.43119e-18
0.6 0.0666667 1.02044e-17
0.6 0.0666667 4.66098e-18
0.6 0.0666667 9.50785e-17
0.6 0.0666667 5.39989e-17
0.6 0.0666667 5.48854e-17
0.6 0.0666667 3.56398e-18
0.6 0.08 1.04937e-17
0.6 0.08 4.60532e-18
0.6 0.08 9.3741e-17
0.6 0.08 5.14371e-17
0.6 0.08 5.15996e-17
0.6 0.08 3.57309e-18
0.6 0.0933333 9.57967e-18
0.6 0.0933333 4.54116e-18
0.6 0.0933333 9.47242e-17
0.6 0.0933333 4.68105e-17
0.6 0.0933333 4.54879e-17
0.6 0.0933333 3.5311e-18
0.6 0.106667 1.12593e-17
0.6 0.106667 4.27284e-18
0.6 0.106667 9.64996e-17
0.6 0.106667 4.60653e-17
0.6 0.106667 4.48281e-17
0.6 0.106667 3.46076e-18
0.613333 0 1.04785e-17
0.613333 0 5.01007e-18
0.613333 0 7.96186e-17
0.613333 0 5.46729e-17
0.613333 0 6.40777e-17
0.613333 0 3.55946e-18
0.613333 0.0133333 1.05463e-17
0.613333 0.0133333 4.9696e-18
0.613333 0.0133333 7.72185e-17
0.613333 0.0133333 5.59246e-17
0.613333 0.0133333 6.22107e-17
0.613333 0.0133333 3.42512e-18
0.613333 0.0266667 1.02579e-17
0.613333 0.0266667 4.81999e-18
0.613333 0.0266667 7.96774e-17
0.613333 0.0266667 5.61423e-17
0.613333 0.0266667 5.89465e-17
0.613333 0.0266667 3.60667e-18
0.613333 0.04 9.93456e-18
0.613333 0.04 4.52066e-18
0.613333 0.04 7.92193e-17
0.613333 0.04 5.65599e-17
0.613333 0.04 5.91012e-17
0.613333 0.04 3.70518e-18
0.613333 0.0533333 1.01245e-17
0.613333 0.0533333 4.56428e-18
0.613333 0.0533333 8.00137e-17
0.613333 0.0533333 5.66912e-17
0.613333 0.0533333 5.83055e-17
0.613333 0.0533333 3.82124e-18
0.613333 0.0666667 1.02264e-17
0.613333 0.0666667 4.37243e-18
0.613333 0.0666667 9.36382e-17
0.613333 0.0666667 5.54507e-17
0.613333 0.0666667 5.71625e-17
0.613333 0.0666667 3.78149e-18
0.613333 0.08 1.02854e-17
0.613333 0.08 4.27681e-18
0.613333 0.08 9.34006e-17
0.613333 0.08 5.4532e-17
0.613333 0.08 5.49891e-17
0.613333 0.08 3.69034e-18
0.626667 0 1.05671e-17
0.626667 0 4.8847e-18
0.626667 0 7.52602e-17
0.626667 0 6.20235e-17
0.626667 0 6.69158e-17
0.626667 0 3.94544e-18
0.626667 0.0133333 1.02395e-17
0.626667 0.0133333 4.80317e-18
0.626667 0.0133333 7.6307e-17
0.626667 0.0133333 5.73488e-17
0.626667 0.0133333 6.46337e-17
0.626667 0.0133333 3.82923e-18
0.626667 0.0266667 9.95073e-18
0.626667 0.0266667 4.58996e-18
0.626667 0.0266667 7.93288e-17
0.626667 0.0266667 5.77752e-17
0.626667 0.0266667 5.88478e-17
0.626667 0.0266667 3.94977e-18
0.626667 0.04 9.81292e-18
0.626667 0.04 4.48436e-18
0.626667 0.04 8.10124e-17
0.626667 0.04 5.70069e-17
0.626667 0.04 5.92784e-17
0.626667 0.04 4.09524e-18
0.626667 0.0533333 9.8772e-18
0.626667 0.0533333 4.46346e-18
0.626667 0.0533333 7.98276e-17
0.626667 0.0533333 5.82262e-17
0.626667 0.0533333 5.87613e-17
0.626667 0.0533333 4.033e-18
0.626667 0.0666667 1.01656e-17
0.626667 0.0666667 4.24918e-18
0.626667 0.0666667 8.735e-17
0.626667 0.0666667 5.69991e-17
0.626667 0.0666667 5.82692e-17
0.626667 0.0666667 3.91157e-18
0.64 0 9.89397e-18
0.64 0 4.53981e-18
0.64 0 7.56204e-17
0.64 0 6.73874e-17
0.64 0 6.91345e-17
0.64 0 4.38947e-18
0.64 0.0133333 1.04764e-17
0.64 0.0133333 4.39178e-18
0.64 0.0133333 7.5625e-17
0.64 0.0133333 6.44272e-17
0.64 0.0133333 6.55384e-17
0.64 0.0133333 4.26909e-18
0.64 0.0266667 1.02248e-17
0.64 0.0266667 4.23196e-18
0.64 0.0266667 7.32162e-17
0.64 0.0266667 5.81441e-17
0.64 0.0266667 5.89265e-17
0.64 0.0266667 4.19093e-18
0.64 0.04 9.53835e-18
0.64 0.04 4.02491e-18
0.64 0.04 7.85932e-17
0.64 0.04 5.87919e-17
0.64 0.04 5.9141e-17
0.64 0.04 4.29899e-18
0.653333 0 1.07345e-17
0.653333 0 4.42357e-18
0.653333 0 8.03971e-17
0.653333 0 7.40569e-17
0.653333 0 7.00973e-17
0.653333 0 4.71568e-18
0.653333 0.0133333 1.0545e-17
0.653333 0.0133333 4.43649e-18
0.653333 0.0133333 8.0308e-17
0.653333 0.0133333 7.06561e-17
0.653333 0.0133333 6.58402e-17
0.653333 0.0133333 4.62445e-18
